%YAML:1.0
---
HandOdometry:
   - !!opencv-matrix
      rows: 4
      cols: 4
      dt: f
      data: [ 1., 0., 0., 0., 0., 1., 0., 0., 0., 0., 1., 0., 0., 0., 0.,
          1. ]
   - !!opencv-matrix
      rows: 4
      cols: 4
      dt: f
      data: [ 1.00000012e+00, 2.01574076e-05, -1.18015450e-04,
          -3.03268433e-04, -2.00997201e-05, 1., 4.53051180e-05,
          8.01086426e-05, 1.18017895e-04, -4.53013927e-05, 1.,
          1.79886818e-04, 0., 0., 0., 1. ]
   - !!opencv-matrix
      rows: 4
      cols: 4
      dt: f
      data: [ 1.00000012e+00, 2.28708814e-07, -1.59364077e-04,
          -7.07626343e-04, -1.73964509e-07, 1.00000012e+00,
          5.60376793e-05, 1.90734863e-04, 1.59365125e-04,
          -5.60358167e-05, 1., 3.07679176e-04, 0., 0., 0., 1. ]
   - !!opencv-matrix
      rows: 4
      cols: 4
      dt: f
      data: [ 1.00000012e+00, 3.56805191e-04, 4.67771897e-05,
          -8.67843628e-04, -3.56746750e-04, 1., -4.73018736e-05,
          1.60217285e-04, -4.67927894e-05, 4.72851098e-05, 1.,
          3.62277031e-04, 0., 0., 0., 1. ]
   - !!opencv-matrix
      rows: 4
      cols: 4
      dt: f
      data: [ 1., 3.35545192e-04, -3.88661865e-05, -8.81195068e-04,
          -3.35524615e-04, 1., 3.57404351e-05, 1.14440918e-05,
          3.88782937e-05, -3.57255340e-05, 1., 9.36388969e-04, 0., 0.,
          0., 1. ]
   - !!opencv-matrix
      rows: 4
      cols: 4
      dt: f
      data: [ 1., 3.64288804e-04, -9.98990145e-05, -7.61032104e-04,
          -3.64286592e-04, 9.99999940e-01, -3.34475189e-05,
          -3.96728516e-04, 9.98885371e-05, 3.34866345e-05, 1.,
          1.60801411e-03, 0., 0., 0., 1. ]
   - !!opencv-matrix
      rows: 4
      cols: 4
      dt: f
      data: [ 1., 3.60046135e-04, -5.35978470e-05, -3.12805176e-04,
          -3.60011793e-04, 1., -1.67172402e-04, -7.47680664e-04,
          5.35373110e-05, 1.67192891e-04, 1., 1.96659565e-03, 0., 0., 0.,
          1. ]
   - !!opencv-matrix
      rows: 4
      cols: 4
      dt: f
      data: [ 9.99999821e-01, 3.87173495e-04, -6.05267007e-04,
          1.03187561e-03, -3.87240492e-04, 1., -1.70668587e-04,
          -9.65118408e-04, 6.05201814e-04, 1.70903280e-04,
          9.99999821e-01, 3.07750702e-03, 0., 0., 0., 1. ]
   - !!opencv-matrix
      rows: 4
      cols: 4
      dt: f
      data: [ 9.99999285e-01, 4.03014099e-04, -1.23401929e-03,
          5.69915771e-03, -4.03217826e-04, 9.99999940e-01,
          -2.09400430e-04, -1.09100342e-03, 1.23393605e-03,
          2.09897757e-04, 9.99999225e-01, 3.59690189e-03, 0., 0., 0., 1. ]
   - !!opencv-matrix
      rows: 4
      cols: 4
      dt: f
      data: [ 9.99999642e-01, 3.93481983e-04, -8.01499118e-04,
          1.18331909e-02, -3.93504510e-04, 9.99999940e-01,
          -8.82074237e-05, -1.05285645e-03, 8.01465940e-04,
          8.85259360e-05, 9.99999702e-01, 3.01086903e-03, 0., 0., 0., 1. ]
   - !!opencv-matrix
      rows: 4
      cols: 4
      dt: f
      data: [ 9.99999642e-01, 3.95352108e-04, -9.03239939e-04,
          1.86862946e-02, -3.95376002e-04, 9.99999940e-01,
          -3.78806144e-05, -9.84191895e-04, 9.03225970e-04,
          3.82419676e-05, 9.99999583e-01, 3.64291668e-03, 0., 0., 0., 1. ]
   - !!opencv-matrix
      rows: 4
      cols: 4
      dt: f
      data: [ 9.99998927e-01, 4.13451140e-04, -1.48480211e-03,
          2.70252228e-02, -4.13528120e-04, 1., -5.77513129e-05,
          -1.03378296e-03, 1.48477801e-03, 5.83659858e-05,
          9.99998927e-01, 5.32448292e-03, 0., 0., 0., 1. ]
   - !!opencv-matrix
      rows: 4
      cols: 4
      dt: f
      data: [ 9.99998450e-01, 4.35970142e-04, -1.77415693e-03,
          3.81584167e-02, -4.36194649e-04, 9.99999940e-01,
          -1.44403428e-04, -1.13677979e-03, 1.77409616e-03,
          1.45182014e-04, 9.99998450e-01, 5.66112995e-03, 0., 0., 0., 1. ]
   - !!opencv-matrix
      rows: 4
      cols: 4
      dt: f
      data: [ 9.99998689e-01, 4.61006828e-04, -1.59065425e-03,
          5.15937805e-02, -4.61226620e-04, 9.99999940e-01,
          -1.45804137e-04, -1.00326538e-03, 1.59058720e-03,
          1.46539882e-04, 9.99998748e-01, 4.88126278e-03, 0., 0., 0., 1. ]
   - !!opencv-matrix
      rows: 4
      cols: 4
      dt: f
      data: [ 9.99998569e-01, 4.85274271e-04, -1.67482090e-03,
          6.67934418e-02, -4.85593075e-04, 9.99999881e-01,
          -2.27393582e-04, -8.23974609e-04, 1.67471077e-03,
          2.28209421e-04, 9.99998629e-01, 5.39362431e-03, 0., 0., 0., 1. ]
   - !!opencv-matrix
      rows: 4
      cols: 4
      dt: f
      data: [ 9.99997854e-01, 4.83490992e-04, -2.07975646e-03,
          8.40549469e-02, -4.84342017e-04, 9.99999881e-01,
          -4.30909917e-04, -6.10351562e-04, 2.07955018e-03,
          4.31917608e-04, 9.99997795e-01, 6.42931461e-03, 0., 0., 0., 1. ]
   - !!opencv-matrix
      rows: 4
      cols: 4
      dt: f
      data: [ 9.99997556e-01, 4.77403402e-04, -2.22514197e-03,
          1.04421616e-01, -4.78515052e-04, 9.99999821e-01,
          -5.35089523e-04, -2.89916992e-04, 2.22488679e-03,
          5.36154956e-04, 9.99997377e-01, 6.62386417e-03, 0., 0., 0., 1. ]
   - !!opencv-matrix
      rows: 4
      cols: 4
      dt: f
      data: [ 9.99996960e-01, 5.31862839e-04, -2.47614761e-03,
          1.28396988e-01, -5.33235434e-04, 9.99999821e-01,
          -5.71180135e-04, -8.39233398e-05, 2.47584423e-03,
          5.72500750e-04, 9.99996781e-01, 6.52110577e-03, 0., 0., 0., 1. ]
   - !!opencv-matrix
      rows: 4
      cols: 4
      dt: f
      data: [ 9.99996245e-01, 6.17986894e-04, -2.72192666e-03,
          1.56158447e-01, -6.20023289e-04, 9.99999642e-01,
          -7.38456845e-04, 8.39233398e-05, 2.72147032e-03,
          7.40144402e-04, 9.99996006e-01, 6.71613216e-03, 0., 0., 0., 1. ]
   - !!opencv-matrix
      rows: 4
      cols: 4
      dt: f
      data: [ 9.99995887e-01, 6.91001827e-04, -2.80075893e-03,
          1.87747955e-01, -6.93720591e-04, 9.99999404e-01,
          -9.54322517e-04, 4.11987305e-04, 2.80009815e-03,
          9.56263393e-04, 9.99995649e-01, 7.08365440e-03, 0., 0., 0., 1. ]
   - !!opencv-matrix
      rows: 4
      cols: 4
      dt: f
      data: [ 9.99994993e-01, 6.90629531e-04, -3.10377567e-03,
          2.23365784e-01, -6.93608075e-04, 9.99999344e-01,
          -9.77443531e-04, 1.06430054e-03, 3.10309883e-03,
          9.79594886e-04, 9.99994695e-01, 7.60424137e-03, 0., 0., 0., 1. ]
   - !!opencv-matrix
      rows: 4
      cols: 4
      dt: f
      data: [ 9.99993205e-01, 7.26354949e-04, -3.63921653e-03,
          2.63654709e-01, -7.29264924e-04, 9.99999523e-01,
          -8.18187371e-04, 1.46102905e-03, 3.63862282e-03,
          8.20837915e-04, 9.99993026e-01, 7.81750679e-03, 0., 0., 0., 1. ]
   - !!opencv-matrix
      rows: 4
      cols: 4
      dt: f
      data: [ 9.99991179e-01, 9.20824474e-04, -4.11336496e-03,
          3.09076309e-01, -9.24775261e-04, 9.99999166e-01,
          -9.60806385e-04, 1.24359131e-03, 4.11247788e-03,
          9.64602455e-04, 9.99991119e-01, 7.70032406e-03, 0., 0., 0., 1. ]
   - !!opencv-matrix
      rows: 4
      cols: 4
      dt: f
      data: [ 9.99989629e-01, 1.24350737e-03, -4.40922705e-03,
          3.59334946e-01, -1.25088776e-03, 9.99997854e-01,
          -1.67713873e-03, -1.86920166e-04, 4.40713298e-03,
          1.68263540e-03, 9.99988914e-01, 7.36093521e-03, 0., 0., 0., 1. ]
   - !!opencv-matrix
      rows: 4
      cols: 4
      dt: f
      data: [ 9.99987721e-01, 1.36193470e-03, -4.78738127e-03,
          4.14432526e-01, -1.37062604e-03, 9.99997497e-01,
          -1.81146897e-03, -1.55258179e-03, 4.78490256e-03,
          1.81800872e-03, 9.99986947e-01, 7.53521919e-03, 0., 0., 0., 1. ]
   - !!opencv-matrix
      rows: 4
      cols: 4
      dt: f
      data: [ 9.99984622e-01, 1.54113001e-03, -5.34609612e-03,
          4.74880219e-01, -1.54865836e-03, 9.99997973e-01,
          -1.40390173e-03, -2.70080566e-03, 5.34392148e-03,
          1.41216256e-03, 9.99984741e-01, 7.52377510e-03, 0., 0., 0., 1. ]
   - !!opencv-matrix
      rows: 4
      cols: 4
      dt: f
      data: [ 9.99981165e-01, 1.80492888e-03, -5.88115444e-03,
          5.41255951e-01, -1.81265548e-03, 9.99997556e-01,
          -1.30231306e-03, -3.81088257e-03, 5.87878935e-03,
          1.31295063e-03, 9.99981880e-01, 7.39097595e-03, 0., 0., 0., 1. ]
   - !!opencv-matrix
      rows: 4
      cols: 4
      dt: f
      data: [ 9.99977112e-01, 2.12089857e-03, -6.44081971e-03,
          6.13851547e-01, -2.12854473e-03, 9.99997139e-01,
          -1.17772073e-03, -4.54330444e-03, 6.43830467e-03,
          1.19140372e-03, 9.99978602e-01, 6.93607330e-03, 0., 0., 0., 1. ]
   - !!opencv-matrix
      rows: 4
      cols: 4
      dt: f
      data: [ 9.99974012e-01, 2.47605308e-03, -6.78098341e-03,
          6.93048477e-01, -2.47937348e-03, 9.99996901e-01,
          -4.77591529e-04, -4.51660156e-03, 6.77977968e-03,
          4.94390726e-04, 9.99976933e-01, 6.25109673e-03, 0., 0., 0., 1. ]
   - !!opencv-matrix
      rows: 4
      cols: 4
      dt: f
      data: [ 9.99970675e-01, 2.80615548e-03, -7.14601576e-03,
          7.78631210e-01, -2.80383579e-03, 9.99996126e-01,
          3.40353698e-04, -4.42886353e-03, 7.14694243e-03,
          -3.20304185e-04, 9.99974430e-01, 5.45227528e-03, 0., 0., 0.,
          1. ]
   - !!opencv-matrix
      rows: 4
      cols: 4
      dt: f
      data: [ 9.99966085e-01, 2.98686652e-03, -7.68270157e-03,
          8.70508194e-01, -2.98245763e-03, 9.99995410e-01,
          5.81026077e-04, -5.53512573e-03, 7.68440217e-03,
          -5.58089465e-04, 9.99970317e-01, 4.34184074e-03, 0., 0., 0.,
          1. ]
   - !!opencv-matrix
      rows: 4
      cols: 4
      dt: f
      data: [ 9.99965668e-01, 3.48698976e-03, -7.52530107e-03,
          9.89217758e-01, -3.48406634e-03, 9.99993920e-01,
          3.94191593e-04, -8.12911987e-03, 7.52663147e-03,
          -3.67958099e-04, 9.99971569e-01, 2.95364857e-03, 0., 0., 0.,
          1. ]
   - !!opencv-matrix
      rows: 4
      cols: 4
      dt: f
      data: [ 9.99964714e-01, 4.08054236e-03, -7.36018829e-03,
          1.09388924e+00, -4.08122595e-03, 9.99991715e-01,
          -8.54674727e-05, -1.11923218e-02, 7.35977851e-03,
          1.15502626e-04, 9.99972880e-01, 1.85286999e-03, 0., 0., 0., 1. ]
   - !!opencv-matrix
      rows: 4
      cols: 4
      dt: f
      data: [ 9.99957442e-01, 5.46625629e-03, -7.45254941e-03,
          1.20324898e+00, -5.47464192e-03, 9.99984503e-01,
          -1.10644847e-03, -1.64985657e-02, 7.44638313e-03,
          1.14720501e-03, 9.99971628e-01, 2.26998329e-03, 0., 0., 0., 1. ]
   - !!opencv-matrix
      rows: 4
      cols: 4
      dt: f
      data: [ 9.99950409e-01, 6.05709618e-03, -7.91841745e-03,
          1.31725502e+00, -6.06933655e-03, 9.99980509e-01,
          -1.53576396e-03, -2.20298767e-02, 7.90896267e-03,
          1.58374757e-03, 9.99967456e-01, 4.10258770e-03, 0., 0., 0., 1. ]
   - !!opencv-matrix
      rows: 4
      cols: 4
      dt: f
      data: [ 9.99943852e-01, 6.58819824e-03, -8.31046794e-03,
          1.43577385e+00, -6.60397625e-03, 9.99976456e-01,
          -1.88103877e-03, -2.69508362e-02, 8.29788111e-03,
          1.93581730e-03, 9.99963701e-01, 5.20098209e-03, 0., 0., 0., 1. ]
   - !!opencv-matrix
      rows: 4
      cols: 4
      dt: f
      data: [ 9.99940515e-01, 7.16627343e-03, -8.23453348e-03,
          1.55922890e+00, -7.18228240e-03, 9.99972403e-01,
          -1.92178227e-03, -3.10287476e-02, 8.22053477e-03,
          1.98080949e-03, 9.99964237e-01, 3.76474857e-03, 0., 0., 0., 1. ]
   - !!opencv-matrix
      rows: 4
      cols: 4
      dt: f
      data: [ 9.99941051e-01, 7.99464062e-03, -7.36317271e-03,
          1.68683434e+00, -8.00204277e-03, 9.99967635e-01,
          -9.82532278e-04, -3.41987610e-02, 7.35508092e-03,
          1.04139373e-03, 9.99972403e-01, 2.35974789e-03, 0., 0., 0., 1. ]
   - !!opencv-matrix
      rows: 4
      cols: 4
      dt: f
      data: [ 9.99938250e-01, 8.72631744e-03, -6.89873472e-03,
          1.81675529e+00, -8.72878544e-03, 9.99961913e-01,
          -3.29336151e-04, -3.75595093e-02, 6.89559709e-03,
          3.89534980e-04, 9.99976158e-01, 1.88243389e-03, 0., 0., 0., 1. ]
   - !!opencv-matrix
      rows: 4
      cols: 4
      dt: f
      data: [ 9.99936879e-01, 8.95143114e-03, -6.79956842e-03,
          1.94835091e+00, -8.95796623e-03, 9.99959528e-01,
          -9.40684229e-04, -4.25567627e-02, 6.79087173e-03,
          1.00153685e-03, 9.99976456e-01, 3.84342670e-03, 0., 0., 0., 1. ]
   - !!opencv-matrix
      rows: 4
      cols: 4
      dt: f
      data: [ 9.99930859e-01, 9.51920543e-03, -6.92036794e-03,
          2.08220100e+00, -9.52946860e-03, 9.99953628e-01,
          -1.45030394e-03, -4.85954285e-02, 6.90624211e-03,
          1.51615031e-03, 9.99975026e-01, 5.43606281e-03, 0., 0., 0., 1. ]
   - !!opencv-matrix
      rows: 4
      cols: 4
      dt: f
      data: [ 9.99924779e-01, 1.04135182e-02, -6.49542455e-03,
          2.21880150e+00, -1.04274703e-02, 9.99943495e-01,
          -2.11458467e-03, -5.61027527e-02, 6.47303555e-03,
          2.18215771e-03, 9.99976695e-01, 3.51500511e-03, 0., 0., 0., 1. ]
   - !!opencv-matrix
      rows: 4
      cols: 4
      dt: f
      data: [ 9.99924242e-01, 1.12917293e-02, -4.92221955e-03,
          2.35738945e+00, -1.13060521e-02, 9.99931931e-01,
          -2.89647654e-03, -6.35833740e-02, 4.88917716e-03,
          2.95190886e-03, 9.99983728e-01, 1.80232525e-03, 0., 0., 0., 1. ]
   - !!opencv-matrix
      rows: 4
      cols: 4
      dt: f
      data: [ 9.99911070e-01, 1.27795879e-02, -3.82909691e-03,
          2.49664497e+00, -1.27929952e-02, 9.99912083e-01,
          -3.50737013e-03, -6.99157715e-02, 3.78393661e-03,
          3.55604663e-03, 9.99986529e-01, 2.12633610e-03, 0., 0., 0., 1. ]
   - !!opencv-matrix
      rows: 4
      cols: 4
      dt: f
      data: [ 9.99906123e-01, 1.33613180e-02, -3.06153996e-03,
          2.63533592e+00, -1.33721689e-02, 9.99904394e-01,
          -3.55441868e-03, -7.49206543e-02, 3.01375706e-03,
          3.59502435e-03, 9.99989092e-01, 1.75487995e-03, 0., 0., 0., 1. ]
   - !!opencv-matrix
      rows: 4
      cols: 4
      dt: f
      data: [ 9.99903142e-01, 1.37031022e-02, -2.48382124e-03,
          2.77361488e+00, -1.37106050e-02, 9.99901474e-01,
          -3.04022618e-03, -7.95631409e-02, 2.44191661e-03,
          3.07399035e-03, 9.99992311e-01, 1.97017193e-03, 0., 0., 0., 1. ]
   - !!opencv-matrix
      rows: 4
      cols: 4
      dt: f
      data: [ 9.99896526e-01, 1.41147440e-02, -2.81578419e-03,
          2.91200829e+00, -1.41224843e-02, 9.99896586e-01,
          -2.74601951e-03, -8.51631165e-02, 2.77673313e-03,
          2.78550386e-03, 9.99992311e-01, 1.43659115e-03, 0., 0., 0., 1. ]
   - !!opencv-matrix
      rows: 4
      cols: 4
      dt: f
      data: [ 9.99886453e-01, 1.49274375e-02, -2.09394237e-03,
          3.05151939e+00, -1.49334725e-02, 9.99884307e-01,
          -2.91453116e-03, -9.18464661e-02, 2.05019442e-03,
          2.94546969e-03, 9.99993622e-01, -4.02212143e-04, 0., 0., 0.,
          1. ]
   - !!opencv-matrix
      rows: 4
      cols: 4
      dt: f
      data: [ 9.99872446e-01, 1.58703998e-02, -1.84299971e-03,
          3.19132805e+00, -1.58765726e-02, 9.99868214e-01,
          -3.40243429e-03, -9.80987549e-02, 1.78875960e-03,
          3.43126245e-03, 9.99992549e-01, 1.41978264e-04, 0., 0., 0., 1. ]
   - !!opencv-matrix
      rows: 4
      cols: 4
      dt: f
      data: [ 9.99868810e-01, 1.60651226e-02, -2.11682124e-03,
          3.33144951e+00, -1.60728544e-02, 9.99864042e-01,
          -3.68886627e-03, -1.04007721e-01, 2.05727201e-03,
          3.72240320e-03, 9.99991000e-01, 2.07066536e-04, 0., 0., 0., 1. ]
   - !!opencv-matrix
      rows: 4
      cols: 4
      dt: f
      data: [ 9.99864340e-01, 1.63796600e-02, -1.76224916e-03,
          3.47251701e+00, -1.63841099e-02, 9.99862611e-01,
          -2.53494643e-03, -1.09947205e-01, 1.72048481e-03,
          2.56347656e-03, 9.99995232e-01, 8.92996788e-04, 0., 0., 0., 1. ]
   - !!opencv-matrix
      rows: 4
      cols: 4
      dt: f
      data: [ 9.99845922e-01, 1.73542351e-02, -2.69989856e-03,
          3.61392021e+00, -1.73598137e-02, 9.99847233e-01,
          -2.06977874e-03, -1.16451263e-01, 2.66356813e-03,
          2.11633183e-03, 9.99994218e-01, 2.90310383e-03, 0., 0., 0., 1. ]
   - !!opencv-matrix
      rows: 4
      cols: 4
      dt: f
      data: [ 9.99827504e-01, 1.82730500e-02, -3.33985966e-03,
          3.75697136e+00, -1.82826612e-02, 9.99828815e-01,
          -2.87914276e-03, -1.22787476e-01, 3.28667741e-03,
          2.93971039e-03, 9.99990344e-01, 2.60031223e-03, 0., 0., 0., 1. ]
   - !!opencv-matrix
      rows: 4
      cols: 4
      dt: f
      data: [ 9.99803007e-01, 1.95679236e-02, -3.34007107e-03,
          3.90015221e+00, -1.95770897e-02, 9.99804676e-01,
          -2.74385139e-03, -1.30310059e-01, 3.28572746e-03,
          2.80870125e-03, 9.99990702e-01, 1.93202496e-03, 0., 0., 0., 1. ]
   - !!opencv-matrix
      rows: 4
      cols: 4
      dt: f
      data: [ 9.99797761e-01, 1.98039301e-02, -3.52360448e-03,
          4.07444191e+00, -1.98098477e-02, 9.99802470e-01,
          -1.64135918e-03, -1.40060425e-01, 3.49040329e-03,
          1.71083212e-03, 9.99992490e-01, 1.61957741e-03, 0., 0., 0., 1. ]
   - !!opencv-matrix
      rows: 4
      cols: 4
      dt: f
      data: [ 9.99786675e-01, 2.04185173e-02, -3.11799860e-03,
          4.22264671e+00, -2.04236377e-02, 9.99790251e-01,
          -1.61682442e-03, -1.50531769e-01, 3.08433082e-03,
          1.68016180e-03, 9.99993920e-01, 4.24623489e-04, 0., 0., 0., 1. ]
   - !!opencv-matrix
      rows: 4
      cols: 4
      dt: f
      data: [ 9.99771893e-01, 2.11892128e-02, -2.71476130e-03,
          4.37265587e+00, -2.11959444e-02, 9.99772310e-01,
          -2.47608684e-03, -1.61792755e-01, 2.66167708e-03,
          2.53306516e-03, 9.99993265e-01, 1.19304657e-03, 0., 0., 0., 1. ]
   - !!opencv-matrix
      rows: 4
      cols: 4
      dt: f
      data: [ 9.99753714e-01, 2.20431965e-02, -2.57709296e-03,
          4.52507973e+00, -2.20505558e-02, 9.99752760e-01,
          -2.86078639e-03, -1.72470093e-01, 2.51339562e-03,
          2.91690975e-03, 9.99992609e-01, 1.76215172e-03, 0., 0., 0., 1. ]
   - !!opencv-matrix
      rows: 4
      cols: 4
      dt: f
      data: [ 9.99733567e-01, 2.29626428e-02, -2.38315179e-03,
          4.68034172e+00, -2.29696427e-02, 9.99731779e-01,
          -2.96141766e-03, -1.83143616e-01, 2.31451076e-03,
          3.01536918e-03, 9.99992788e-01, 8.51511955e-04, 0., 0., 0., 1. ]
   - !!opencv-matrix
      rows: 4
      cols: 4
      dt: f
      data: [ 9.99711573e-01, 2.39117090e-02, -2.29125470e-03,
          4.83794212e+00, -2.39181668e-02, 9.99709845e-01,
          -2.85561197e-03, -1.94114685e-01, 2.22230842e-03,
          2.90959328e-03, 9.99993324e-01, 1.48653984e-04, 0., 0., 0., 1. ]
   - !!opencv-matrix
      rows: 4
      cols: 4
      dt: f
      data: [ 9.99685705e-01, 2.49284934e-02, -2.70023826e-03,
          4.99707222e+00, -2.49353610e-02, 9.99685824e-01,
          -2.57241912e-03, -2.05490112e-01, 2.63526384e-03,
          2.63894349e-03, 9.99993086e-01, 1.40559673e-03, 0., 0., 0., 1. ]
   - !!opencv-matrix
      rows: 4
      cols: 4
      dt: f
      data: [ 9.99663353e-01, 2.58004572e-02, -2.76030786e-03,
          5.15793419e+00, -2.58059800e-02, 9.99665022e-01,
          -1.96594000e-03, -2.17231750e-01, 2.70866090e-03,
          2.03651190e-03, 9.99994278e-01, 2.82800198e-03, 0., 0., 0., 1. ]
   - !!opencv-matrix
      rows: 4
      cols: 4
      dt: f
      data: [ 9.99620199e-01, 2.74644718e-02, -2.31740135e-03,
          5.32148170e+00, -2.74656210e-02, 9.99622703e-01,
          -4.99850139e-04, -2.30278015e-01, 2.30279937e-03,
          5.63312322e-04, 9.99997199e-01, 1.98256969e-03, 0., 0., 0., 1. ]
   - !!opencv-matrix
      rows: 4
      cols: 4
      dt: f
      data: [ 9.99556065e-01, 2.97573823e-02, -1.53202598e-03,
          5.48891258e+00, -2.97576804e-02, 9.99557197e-01,
          -2.06863508e-04, -2.41577148e-01, 1.52519345e-03,
          2.52362341e-04, 9.99998808e-01, 1.69765949e-03, 0., 0., 0., 1. ]
   - !!opencv-matrix
      rows: 4
      cols: 4
      dt: f
      data: [ 9.99479413e-01, 3.22534330e-02, -9.15386481e-04,
          5.65718651e+00, -3.22544649e-02, 9.99479115e-01,
          -1.16854347e-03, -2.54077911e-01, 8.77220184e-04,
          1.19745918e-03, 9.99998927e-01, 3.02553177e-03, 0., 0., 0., 1. ]
   - !!opencv-matrix
      rows: 4
      cols: 4
      dt: f
      data: [ 9.99425828e-01, 3.38807702e-02, -6.00907020e-04,
          5.82592583e+00, -3.38816568e-02, 9.99424636e-01,
          -1.62949786e-03, -2.66201019e-01, 5.45354094e-04,
          1.64892524e-03, 9.99998569e-01, 2.79331207e-03, 0., 0., 0., 1. ]
   - !!opencv-matrix
      rows: 4
      cols: 4
      dt: f
      data: [ 9.99380708e-01, 3.51893045e-02, 2.00244132e-04,
          5.99654961e+00, -3.51890847e-02, 9.99380410e-01,
          -7.71172345e-04, -2.77141571e-01, -2.27255514e-04,
          7.63650984e-04, 9.99999702e-01, 2.35497952e-03, 0., 0., 0., 1. ]
   - !!opencv-matrix
      rows: 4
      cols: 4
      dt: f
      data: [ 9.99314368e-01, 3.70266102e-02, 1.24571379e-05,
          6.16807747e+00, -3.70266512e-02, 9.99314368e-01,
          -1.97743997e-04, -2.89115906e-01, -1.97696500e-05,
          1.97149813e-04, 1., 3.84116173e-03, 0., 0., 0., 1. ]
   - !!opencv-matrix
      rows: 4
      cols: 4
      dt: f
      data: [ 9.99229729e-01, 3.92436646e-02, -2.59155524e-04,
          6.34063148e+00, -3.92438583e-02, 9.99229372e-01,
          -7.39887357e-04, -3.02314758e-01, 2.29919329e-04,
          7.49489293e-04, 9.99999702e-01, 2.72428989e-03, 0., 0., 0., 1. ]
   - !!opencv-matrix
      rows: 4
      cols: 4
      dt: f
      data: [ 9.99145985e-01, 4.13215868e-02, 3.56570585e-04,
          6.51481056e+00, -4.13210988e-02, 9.99145269e-01,
          -1.18406489e-03, -3.15769196e-01, -4.05193074e-04,
          1.16832368e-03, 9.99999225e-01, 1.20520592e-03, 0., 0., 0., 1. ]
   - !!opencv-matrix
      rows: 4
      cols: 4
      dt: f
      data: [ 9.99063790e-01, 4.32620123e-02, -1.31533481e-04,
          6.68924141e+00, -4.32620905e-02, 9.99063551e-01,
          -7.67670572e-04, -3.29002380e-01, 9.82002821e-05,
          7.72643834e-04, 9.99999762e-01, 2.58672237e-03, 0., 0., 0., 1. ]
   - !!opencv-matrix
      rows: 4
      cols: 4
      dt: f
      data: [ 9.98988867e-01, 4.49603349e-02, -3.39761609e-05,
          6.86512566e+00, -4.49603610e-02, 9.98988330e-01,
          -9.56179574e-04, -3.43227386e-01, -9.04640183e-06,
          9.56743956e-04, 9.99999583e-01, 2.28965282e-03, 0., 0., 0., 1. ]
   - !!opencv-matrix
      rows: 4
      cols: 4
      dt: f
      data: [ 9.98897135e-01, 4.69473638e-02, 7.87741737e-04,
          7.04210091e+00, -4.69464250e-02, 9.98896778e-01,
          -1.17003731e-03, -3.57967377e-01, -8.41803616e-04,
          1.13176741e-03, 9.99999046e-01, 9.95993614e-04, 0., 0., 0., 1. ]
   - !!opencv-matrix
      rows: 4
      cols: 4
      dt: f
      data: [ 9.98794258e-01, 4.90931273e-02, 5.02686482e-04,
          7.21868324e+00, -4.90926430e-02, 9.98793960e-01,
          -7.92054459e-04, -3.76110077e-01, -5.40962908e-04,
          7.66422600e-04, 9.99999583e-01, 1.51383877e-03, 0., 0., 0., 1. ]
   - !!opencv-matrix
      rows: 4
      cols: 4
      dt: f
      data: [ 9.98707652e-01, 5.08242100e-02, 3.32366792e-04,
          7.39606667e+00, -5.08241169e-02, 9.98707592e-01,
          -3.67673114e-04, -3.94218445e-01, -3.50624789e-04,
          3.50307673e-04, 9.99999881e-01, 3.94737720e-03, 0., 0., 0., 1. ]
   - !!opencv-matrix
      rows: 4
      cols: 4
      dt: f
      data: [ 9.98611629e-01, 5.26638292e-02, 1.21010467e-03,
          7.57475090e+00, -5.26643172e-02, 9.98612285e-01,
          3.28654423e-04, -4.11819458e-01, -1.19111710e-03,
          -3.91924754e-04, 9.99999225e-01, 3.70252132e-03, 0., 0., 0.,
          1. ]
   - !!opencv-matrix
      rows: 4
      cols: 4
      dt: f
      data: [ 9.98516798e-01, 5.44142425e-02, 1.84737612e-03,
          7.75355339e+00, -5.44147715e-02, 9.98518407e-01,
          2.65946612e-04, -4.30324554e-01, -1.83016714e-03,
          -3.66073102e-04, 9.99998271e-01, 3.19576263e-03, 0., 0., 0.,
          1. ]
   - !!opencv-matrix
      rows: 4
      cols: 4
      dt: f
      data: [ 9.98403370e-01, 5.64650819e-02, 1.63430138e-03,
          7.93229485e+00, -5.64652607e-02, 9.98404562e-01,
          5.14164567e-05, -4.50527191e-01, -1.62879145e-03,
          -1.43615529e-04, 9.99998689e-01, 5.05828857e-03, 0., 0., 0.,
          1. ]
   - !!opencv-matrix
      rows: 4
      cols: 4
      dt: f
      data: [ 9.98236537e-01, 5.93487881e-02, 1.32608204e-03,
          8.14735603e+00, -5.93473464e-02, 9.98236895e-01,
          -1.10380538e-03, -4.77100372e-01, -1.38925295e-03,
          1.02316216e-03, 9.99998569e-01, 4.80043888e-03, 0., 0., 0., 1. ]
   - !!opencv-matrix
      rows: 4
      cols: 4
      dt: f
      data: [ 9.98121917e-01, 6.12447001e-02, 1.37646706e-03,
          8.32828331e+00, -6.12405427e-02, 9.98118997e-01,
          -2.86020525e-03, -4.99313354e-01, -1.54904928e-03,
          2.77053937e-03, 9.99994993e-01, 3.64935398e-03, 0., 0., 0., 1. ]
   - !!opencv-matrix
      rows: 4
      cols: 4
      dt: f
      data: [ 9.98038352e-01, 6.25974759e-02, 1.11107237e-03,
          8.50978279e+00, -6.25939593e-02, 9.98034835e-01,
          -2.94326805e-03, -5.19031525e-01, -1.29313045e-03,
          2.86794826e-03, 9.99995053e-01, 5.90884686e-03, 0., 0., 0., 1. ]
   - !!opencv-matrix
      rows: 4
      cols: 4
      dt: f
      data: [ 9.97982442e-01, 6.34854734e-02, 8.66617425e-04,
          8.69185829e+00, -6.34837896e-02, 9.97981191e-01,
          -1.84345990e-03, -5.36373138e-01, -9.81899444e-04,
          1.78472698e-03, 9.99997973e-01, 8.05139542e-03, 0., 0., 0., 1. ]
   - !!opencv-matrix
      rows: 4
      cols: 4
      dt: f
      data: [ 9.97928321e-01, 6.43233210e-02, 1.38001947e-03,
          8.87512398e+00, -6.43216819e-02, 9.97928679e-01,
          -1.13796256e-03, -5.52375793e-01, -1.45035633e-03,
          1.04684196e-03, 9.99998450e-01, 6.93070889e-03, 0., 0., 0., 1. ]
   - !!opencv-matrix
      rows: 4
      cols: 4
      dt: f
      data: [ 9.97869968e-01, 6.52176961e-02, 1.55012822e-03,
          9.05897331e+00, -6.52163029e-02, 9.97870803e-01,
          -8.86768103e-04, -5.67295074e-01, -1.60465995e-03,
          7.83786178e-04, 9.99998391e-01, 6.56569004e-03, 0., 0., 0., 1. ]
   - !!opencv-matrix
      rows: 4
      cols: 4
      dt: f
      data: [ 9.97818112e-01, 6.60207719e-02, 7.64941797e-04,
          9.24323845e+00, -6.60205930e-02, 9.97818291e-01,
          -2.87162140e-04, -5.81836700e-01, -7.82232033e-04,
          2.36036256e-04, 9.99999702e-01, 6.35945797e-03, 0., 0., 0., 1. ]
   - !!opencv-matrix
      rows: 4
      cols: 4
      dt: f
      data: [ 9.97771084e-01, 6.67212084e-02, 1.15408027e-03,
          9.42838860e+00, -6.67215139e-02, 9.97771680e-01,
          2.51583755e-04, -5.96328735e-01, -1.13472040e-03,
          -3.28024849e-04, 9.99999344e-01, 6.52706623e-03, 0., 0., 0.,
          1. ]
   - !!opencv-matrix
      rows: 4
      cols: 4
      dt: f
      data: [ 9.97727573e-01, 6.73724115e-02, 8.65153386e-04,
          9.61368752e+00, -6.73727021e-02, 9.97727871e-01,
          2.74879858e-04, -6.10080719e-01, -8.44667200e-04,
          -3.32541764e-04, 9.99999583e-01, 7.93445110e-03, 0., 0., 0.,
          1. ]
   - !!opencv-matrix
      rows: 4
      cols: 4
      dt: f
      data: [ 9.97691274e-01, 6.79141656e-02, 1.80038624e-04,
          9.79976082e+00, -6.79142475e-02, 9.97691035e-01,
          5.84669411e-04, -6.23641968e-01, -1.39915384e-04,
          -5.95543534e-04, 9.99999821e-01, 7.48145580e-03, 0., 0., 0.,
          1. ]
   - !!opencv-matrix
      rows: 4
      cols: 4
      dt: f
      data: [ 9.97658730e-01, 6.83889911e-02, 2.07426143e-04,
          9.98686409e+00, -6.83889613e-02, 9.97658730e-01,
          -2.73212790e-05, -6.38999939e-01, -2.08807644e-04,
          1.30739063e-05, 1., 7.19535351e-03, 0., 0., 0., 1. ]
   - !!opencv-matrix
      rows: 4
      cols: 4
      dt: f
      data: [ 9.97624993e-01, 6.88785166e-02, -3.89354886e-04,
          1.01742496e+01, -6.88787401e-02, 9.97624934e-01,
          -6.48347661e-04, -6.55376434e-01, 3.43773980e-04,
          6.73627481e-04, 9.99999702e-01, 7.16412067e-03, 0., 0., 0., 1. ]
   - !!opencv-matrix
      rows: 4
      cols: 4
      dt: f
      data: [ 9.97592688e-01, 6.93467259e-02, -2.94505153e-04,
          1.03627644e+01, -6.93468973e-02, 9.97592449e-01,
          -6.59368932e-04, -6.71367645e-01, 2.48071272e-04,
          6.78205863e-04, 9.99999762e-01, 7.16483593e-03, 0., 0., 0., 1. ]
   - !!opencv-matrix
      rows: 4
      cols: 4
      dt: f
      data: [ 9.97573376e-01, 6.96214661e-02, -5.92334662e-04,
          1.05521793e+01, -6.96217269e-02, 9.97573376e-01,
          -5.40649518e-04, -6.85993195e-01, 5.53258695e-04,
          5.80579042e-04, 9.99999702e-01, 6.73520565e-03, 0., 0., 0., 1. ]
   - !!opencv-matrix
      rows: 4
      cols: 4
      dt: f
      data: [ 9.97572780e-01, 6.96255788e-02, -9.68171866e-04,
          1.07430935e+01, -6.96252659e-02, 9.97573256e-01,
          3.36376950e-04, -6.99691772e-01, 9.89243388e-04,
          -2.68148258e-04, 9.99999464e-01, 4.19616699e-03, 0., 0., 0.,
          1. ]
   - !!opencv-matrix
      rows: 4
      cols: 4
      dt: f
      data: [ 9.97564077e-01, 6.97520673e-02, -9.03135282e-04,
          1.09349575e+01, -6.97504878e-02, 9.97563183e-01,
          1.61542930e-03, -7.14546204e-01, 1.01361470e-03,
          -1.54849701e-03, 9.99998271e-01, 2.74169445e-03, 0., 0., 0.,
          1. ]
   - !!opencv-matrix
      rows: 4
      cols: 4
      dt: f
      data: [ 9.97557044e-01, 6.98507056e-02, -1.03106943e-03,
          1.11273098e+01, -6.98490292e-02, 9.97556508e-01,
          1.52268633e-03, -7.31067657e-01, 1.13491341e-03,
          -1.44694373e-03, 9.99998331e-01, 6.93440437e-04, 0., 0., 0.,
          1. ]
   - !!opencv-matrix
      rows: 4
      cols: 4
      dt: f
      data: [ 9.97517169e-01, 7.04197809e-02, -8.65414506e-04,
          1.13200741e+01, -7.04197660e-02, 9.97517526e-01,
          7.28853047e-06, -7.50614166e-01, 8.63779802e-04,
          5.36739826e-05, 9.99999642e-01, 4.13775444e-04, 0., 0., 0., 1. ]
   - !!opencv-matrix
      rows: 4
      cols: 4
      dt: f
      data: [ 9.97464955e-01, 7.11548701e-02, -8.53149686e-04,
          1.15131664e+01, -7.11567029e-02, 9.97462451e-01,
          -2.35557929e-03, -7.71289825e-01, 6.83374237e-04,
          2.41031684e-03, 9.99996901e-01, 1.05738640e-04, 0., 0., 0., 1. ]
   - !!opencv-matrix
      rows: 4
      cols: 4
      dt: f
      data: [ 9.97424722e-01, 7.17221722e-02, -2.92005017e-04,
          1.17071438e+01, -7.17227384e-02, 9.97416675e-01,
          -3.99813987e-03, -7.91252136e-01, 4.49665822e-06,
          4.00879048e-03, 9.99992013e-01, -3.48508358e-03, 0., 0., 0.,
          1. ]
   - !!opencv-matrix
      rows: 4
      cols: 4
      dt: f
      data: [ 9.97404397e-01, 7.20022172e-02, 5.63301612e-04,
          1.19016209e+01, -7.19989166e-02, 9.97394562e-01,
          -4.50478122e-03, -8.09459686e-01, -8.86185793e-04,
          4.45253216e-03, 9.99989688e-01, -4.52601910e-03, 0., 0., 0.,
          1. ]
   - !!opencv-matrix
      rows: 4
      cols: 4
      dt: f
      data: [ 9.97430921e-01, 7.16362447e-02, 3.28934402e-04,
          1.20958767e+01, -7.16337711e-02, 9.97418642e-01,
          -4.98531945e-03, -8.26221466e-01, -6.85214298e-04,
          4.94894758e-03, 9.99987543e-01, -5.76210022e-03, 0., 0., 0.,
          1. ]
   - !!opencv-matrix
      rows: 4
      cols: 4
      dt: f
      data: [ 9.97457623e-01, 7.12589771e-02, 7.69769889e-04,
          1.22908077e+01, -7.12543651e-02, 9.97446060e-01,
          -4.92471084e-03, -8.41152191e-01, -1.11873401e-03,
          4.85734269e-03, 9.99987602e-01, -8.60846043e-03, 0., 0., 0.,
          1. ]
   - !!opencv-matrix
      rows: 4
      cols: 4
      dt: f
      data: [ 9.97505665e-01, 7.05834329e-02, 7.42841512e-04,
          1.25246983e+01, -7.05789626e-02, 9.97494400e-01,
          -4.85650077e-03, -8.59523773e-01, -1.08376751e-03,
          4.79195826e-03, 9.99987960e-01, -7.90369511e-03, 0., 0., 0.,
          1. ]
   - !!opencv-matrix
      rows: 4
      cols: 4
      dt: f
      data: [ 9.97543037e-01, 7.00474977e-02, 1.21132995e-03,
          1.27204571e+01, -7.00396001e-02, 9.97528791e-01,
          -5.57358190e-03, -8.75038147e-01, -1.59875047e-03,
          5.47504798e-03, 9.99983728e-01, -7.41410255e-03, 0., 0., 0.,
          1. ]
   - !!opencv-matrix
      rows: 4
      cols: 4
      dt: f
      data: [ 9.97539282e-01, 7.00896531e-02, 1.74052943e-03,
          1.29171429e+01, -7.00792596e-02, 9.97526824e-01,
          -5.41722775e-03, -8.89251709e-01, -2.11591413e-03,
          5.28192334e-03, 9.99983847e-01, -9.53018665e-03, 0., 0., 0.,
          1. ]
   - !!opencv-matrix
      rows: 4
      cols: 4
      dt: f
      data: [ 9.97553945e-01, 6.98836818e-02, 1.60601642e-03,
          1.31138439e+01, -6.98749274e-02, 9.97543454e-01,
          -4.98550758e-03, -9.02362823e-01, -1.95047539e-03,
          4.86109778e-03, 9.99986291e-01, -1.07325315e-02, 0., 0., 0.,
          1. ]
   - !!opencv-matrix
      rows: 4
      cols: 4
      dt: f
      data: [ 9.97614563e-01, 6.90229014e-02, 1.12115417e-03,
          1.33105717e+01, -6.90162182e-02, 9.97602403e-01,
          -5.15396707e-03, -9.15328979e-01, -1.47420727e-03,
          5.06429560e-03, 9.99986112e-01, -8.99326801e-03, 0., 0., 0.,
          1. ]
   - !!opencv-matrix
      rows: 4
      cols: 4
      dt: f
      data: [ 9.97659445e-01, 6.83671236e-02, 1.30031956e-03,
          1.35079021e+01, -6.83598146e-02, 9.97648418e-01,
          -4.97839414e-03, -9.28398132e-01, -1.63761876e-03,
          4.87785228e-03, 9.99986768e-01, -9.77778435e-03, 0., 0., 0.,
          1. ]
   - !!opencv-matrix
      rows: 4
      cols: 4
      dt: f
      data: [ 9.97682571e-01, 6.80046156e-02, 2.25066673e-03,
          1.37059803e+01, -6.79941624e-02, 9.97676015e-01,
          -4.41109017e-03, -9.41719055e-01, -2.54540821e-03,
          4.24783491e-03, 9.99987721e-01, -1.19497776e-02, 0., 0., 0.,
          1. ]
   - !!opencv-matrix
      rows: 4
      cols: 4
      dt: f
      data: [ 9.97735023e-01, 6.72411770e-02, 1.91515696e-03,
          1.39036503e+01, -6.72294125e-02, 9.97721553e-01,
          -5.66608459e-03, -9.55711365e-01, -2.29178695e-03,
          5.52449934e-03, 9.99982119e-01, -1.06686354e-02, 0., 0., 0.,
          1. ]
   - !!opencv-matrix
      rows: 4
      cols: 4
      dt: f
      data: [ 9.97785747e-01, 6.64887056e-02, 1.75141357e-03,
          1.41015644e+01, -6.64761364e-02, 9.97767150e-01,
          -6.46528229e-03, -9.70531464e-01, -2.17737025e-03,
          6.33453950e-03, 9.99977589e-01, -1.16840601e-02, 0., 0., 0.,
          1. ]
   - !!opencv-matrix
      rows: 4
      cols: 4
      dt: f
      data: [ 9.97807443e-01, 6.60998449e-02, 3.37354862e-03,
          1.43007755e+01, -6.60798028e-02, 9.97798026e-01,
          -5.71999513e-03, -9.84687805e-01, -3.74420942e-03,
          5.48452884e-03, 9.99977946e-01, -1.55698061e-02, 0., 0., 0.,
          1. ]
   - !!opencv-matrix
      rows: 4
      cols: 4
      dt: f
      data: [ 9.97803867e-01, 6.60978481e-02, 4.31359606e-03,
          1.45004597e+01, -6.60755932e-02, 9.97801661e-01,
          -5.10205142e-03, -9.97104645e-01, -4.64134524e-03,
          4.80582379e-03, 9.99977708e-01, -1.85648203e-02, 0., 0., 0.,
          1. ]
   - !!opencv-matrix
      rows: 4
      cols: 4
      dt: f
      data: [ 9.97844100e-01, 6.54825866e-02, 4.40134387e-03,
          1.46992016e+01, -6.54605329e-02, 9.97842789e-01,
          -4.98362817e-03, -1.00842667e+00, -4.71818820e-03,
          4.68477048e-03, 9.99977887e-01, -2.19198465e-02, 0., 0., 0.,
          1. ]
   - !!opencv-matrix
      rows: 4
      cols: 4
      dt: f
      data: [ 9.97881413e-01, 6.48485422e-02, 5.24329860e-03,
          1.48977947e+01, -6.48271218e-02, 9.97887909e-01,
          -4.15468216e-03, -1.01883316e+00, -5.50164841e-03,
          3.80597264e-03, 9.99977648e-01, -2.41729021e-02, 0., 0., 0.,
          1. ]
   - !!opencv-matrix
      rows: 4
      cols: 4
      dt: f
      data: [ 9.97923911e-01, 6.42431453e-02, 4.56085708e-03,
          1.50955029e+01, -6.42237663e-02, 9.97926414e-01,
          -4.28397581e-03, -1.03107452e+00, -4.82661463e-03,
          3.98217142e-03, 9.99980509e-01, -2.51823664e-02, 0., 0., 0.,
          1. ]
   - !!opencv-matrix
      rows: 4
      cols: 4
      dt: f
      data: [ 9.97937500e-01, 6.40579090e-02, 4.19070572e-03,
          1.52942524e+01, -6.40352219e-02, 9.97933447e-01,
          -5.32196835e-03, -1.04592896e+00, -4.52295877e-03,
          5.04263677e-03, 9.99977052e-01, -2.77704000e-02, 0., 0., 0.,
          1. ]
   - !!opencv-matrix
      rows: 4
      cols: 4
      dt: f
      data: [ 9.97979999e-01, 6.32873252e-02, 5.54763107e-03,
          1.54939899e+01, -6.32534847e-02, 9.97978985e-01,
          -6.08372875e-03, -1.06106186e+00, -5.92144206e-03,
          5.72053529e-03, 9.99966085e-01, -2.94069052e-02, 0., 0., 0.,
          1. ]
   - !!opencv-matrix
      rows: 4
      cols: 4
      dt: f
      data: [ 9.98065948e-01, 6.19837642e-02, 4.73986007e-03,
          1.56928577e+01, -6.19543158e-02, 9.98060226e-01,
          -6.13475032e-03, -1.07324600e+00, -5.11092087e-03,
          5.82922995e-03, 9.99969959e-01, -3.04566622e-02, 0., 0., 0.,
          1. ]
   - !!opencv-matrix
      rows: 4
      cols: 4
      dt: f
      data: [ 9.98124719e-01, 6.09957650e-02, 5.16834622e-03,
          1.58926868e+01, -6.09701797e-02, 9.98127282e-01,
          -4.96843085e-03, -1.08244705e+00, -5.46171842e-03,
          4.64400277e-03, 9.99974310e-01, -3.19055319e-02, 0., 0., 0.,
          1. ]
   - !!opencv-matrix
      rows: 4
      cols: 4
      dt: f
      data: [ 9.98143494e-01, 6.06830753e-02, 5.23423543e-03,
          1.60923748e+01, -6.06663115e-02, 9.98152733e-01,
          -3.29668447e-03, -1.09081268e+00, -5.42461732e-03,
          2.97302380e-03, 9.99980867e-01, -3.25591564e-02, 0., 0., 0.,
          1. ]
   - !!opencv-matrix
      rows: 4
      cols: 4
      dt: f
      data: [ 9.98181403e-01, 6.00655787e-02, 5.12582436e-03,
          1.62927685e+01, -6.00504577e-02, 9.98190701e-01,
          -3.05975787e-03, -1.10102081e+00, -5.30033512e-03,
          2.74638832e-03, 9.99982238e-01, -3.65160704e-02, 0., 0., 0.,
          1. ]
   - !!opencv-matrix
      rows: 4
      cols: 4
      dt: f
      data: [ 9.98209655e-01, 5.95252402e-02, 5.85708953e-03,
          1.64941044e+01, -5.95101826e-02, 9.98224020e-01,
          -2.70372629e-03, -1.11228943e+00, -6.00762665e-03,
          2.35033222e-03, 9.99979258e-01, -3.80345583e-02, 0., 0., 0.,
          1. ]
   - !!opencv-matrix
      rows: 4
      cols: 4
      dt: f
      data: [ 9.98240054e-01, 5.90335540e-02, 5.65401744e-03,
          1.66945744e+01, -5.90177849e-02, 9.98252749e-01,
          -2.91862339e-03, -1.12544632e+00, -5.81643265e-03,
          2.57980078e-03, 9.99979794e-01, -3.76724005e-02, 0., 0., 0.,
          1. ]
   - !!opencv-matrix
      rows: 4
      cols: 4
      dt: f
      data: [ 9.98260617e-01, 5.86252175e-02, 6.24069758e-03,
          1.68958263e+01, -5.86025603e-02, 9.98274386e-01,
          -3.75144742e-03, -1.13892746e+00, -6.44985493e-03,
          3.37920524e-03, 9.99973536e-01, -4.07876968e-02, 0., 0., 0.,
          1. ]
   - !!opencv-matrix
      rows: 4
      cols: 4
      dt: f
      data: [ 9.98317957e-01, 5.75462170e-02, 7.05129607e-03,
          1.70976620e+01, -5.75258061e-02, 9.98339415e-01,
          -3.04729119e-03, -1.15087891e+00, -7.21494434e-03,
          2.63653509e-03, 9.99970555e-01, -4.37036753e-02, 0., 0., 0.,
          1. ]
   - !!opencv-matrix
      rows: 4
      cols: 4
      dt: f
      data: [ 9.98384058e-01, 5.64631261e-02, 6.42836373e-03,
