%YAML:1.0
---
HandOdometry:
   - !!opencv-matrix
      rows: 4
      cols: 4
      dt: f
      data: [ 7.60059118e-01, -6.49583638e-01, -1.87422931e-02,
          4.49757500e+01, 6.49851084e-01, 7.59825110e-01, 1.89573914e-02,
          -4.39905691e+00, 1.92645367e-03, -2.65884381e-02,
          9.99644637e-01, 2.02770185e+00, 0., 0., 0., 1. ]
   - !!opencv-matrix
      rows: 4
      cols: 4
      dt: f
      data: [ 7.60069966e-01, -6.49567425e-01, -1.88614205e-02,
          4.49754601e+01, 6.49838030e-01, 7.59837329e-01, 1.89151224e-02,
          -4.39918995e+00, 2.04496365e-03, -2.66336836e-02,
          9.99643147e-01, 2.02787900e+00, 0., 0., 0., 1. ]
   - !!opencv-matrix
      rows: 4
      cols: 4
      dt: f
      data: [ 7.60056257e-01, -6.49582386e-01, -1.88998189e-02,
          4.49750748e+01, 6.49853945e-01, 7.59824216e-01, 1.88964065e-02,
          -4.39936638e+00, 2.08576652e-03, -2.66444534e-02,
          9.99642789e-01, 2.02800298e+00, 0., 0., 0., 1. ]
   - !!opencv-matrix
      rows: 4
      cols: 4
      dt: f
      data: [ 7.60291696e-01, -6.49313271e-01, -1.86760128e-02,
          4.49749718e+01, 6.49579108e-01, 7.60057807e-01, 1.89518481e-02,
          -4.39948940e+00, 1.88916223e-03, -2.65404806e-02,
          9.99645948e-01, 2.02805805e+00, 0., 0., 0., 1. ]
   - !!opencv-matrix
      rows: 4
      cols: 4
      dt: f
      data: [ 7.60276318e-01, -6.49327874e-01, -1.87950488e-02,
          4.49750481e+01, 6.49596810e-01, 7.60042429e-01, 1.89592894e-02,
          -4.39960098e+00, 1.97423948e-03, -2.66235024e-02,
          9.99643564e-01, 2.02863598e+00, 0., 0., 0., 1. ]
   - !!opencv-matrix
      rows: 4
      cols: 4
      dt: f
      data: [ 7.60293841e-01, -6.49307311e-01, -1.87964942e-02,
          4.49753914e+01, 6.49576128e-01, 7.60062397e-01, 1.88670568e-02,
          -4.39982271e+00, 2.03599152e-03, -2.65542604e-02,
          9.99645293e-01, 2.02931833e+00, 0., 0., 0., 1. ]
   - !!opencv-matrix
      rows: 4
      cols: 4
      dt: f
      data: [ 7.60291934e-01, -6.49313033e-01, -1.86744370e-02,
          4.49759560e+01, 6.49578512e-01, 7.60062158e-01, 1.87955387e-02,
          -4.39979029e+00, 1.98954390e-03, -2.64206082e-02,
          9.99648929e-01, 2.02968693e+00, 0., 0., 0., 1. ]
   - !!opencv-matrix
      rows: 4
      cols: 4
      dt: f
      data: [ 7.60299146e-01, -6.49292469e-01, -1.90914646e-02,
          4.49770966e+01, 6.49568141e-01, 7.60079861e-01, 1.84343755e-02,
          -4.39905691e+00, 2.54173600e-03, -2.64168475e-02,
          9.99647796e-01, 2.03080583e+00, 0., 0., 0., 1. ]
   - !!opencv-matrix
      rows: 4
      cols: 4
      dt: f
      data: [ 7.60297298e-01, -6.49281144e-01, -1.95441823e-02,
          4.49807167e+01, 6.49567544e-01, 7.60090888e-01, 1.79963391e-02,
          -4.39611721e+00, 3.17067048e-03, -2.63778344e-02,
          9.99647021e-01, 2.03133750e+00, 0., 0., 0., 1. ]
   - !!opencv-matrix
      rows: 4
      cols: 4
      dt: f
      data: [ 7.60299444e-01, -6.49286151e-01, -1.92941744e-02,
          4.49853668e+01, 6.49567008e-01, 7.60082424e-01, 1.83695070e-02,
          -4.39210939e+00, 2.73809698e-03, -2.64991838e-02,
          9.99645114e-01, 2.03076243e+00, 0., 0., 0., 1. ]
   - !!opencv-matrix
      rows: 4
      cols: 4
      dt: f
      data: [ 7.60298669e-01, -6.49283767e-01, -1.94041915e-02,
          4.49905167e+01, 6.49567485e-01, 7.60082662e-01, 1.83416270e-02,
          -4.38759041e+00, 2.83986889e-03, -2.65494455e-02,
          9.99643445e-01, 2.03140569e+00, 0., 0., 0., 1. ]
   - !!opencv-matrix
      rows: 4
      cols: 4
      dt: f
      data: [ 7.60299027e-01, -6.49270415e-01, -1.98332947e-02,
          4.49968567e+01, 6.49564207e-01, 7.60094821e-01, 1.79485884e-02,
          -4.38217974e+00, 3.42169753e-03, -2.65292935e-02,
          9.99642193e-01, 2.03310394e+00, 0., 0., 0., 1. ]
   - !!opencv-matrix
      rows: 4
      cols: 4
      dt: f
      data: [ 7.60307968e-01, -6.49254918e-01, -1.99969243e-02,
          4.50053787e+01, 6.49552166e-01, 7.60111094e-01, 1.76947005e-02,
          -4.37501764e+00, 3.71151371e-03, -2.64424663e-02,
          9.99643445e-01, 2.03346467e+00, 0., 0., 0., 1. ]
   - !!opencv-matrix
      rows: 4
      cols: 4
      dt: f
      data: [ 7.60327876e-01, -6.49235904e-01, -1.98565479e-02,
          4.50155182e+01, 6.49529874e-01, 7.60127366e-01, 1.78128928e-02,
          -4.36619902e+00, 3.52873607e-03, -2.64410600e-02,
          9.99644160e-01, 2.03270745e+00, 0., 0., 0., 1. ]
   - !!opencv-matrix
      rows: 4
      cols: 4
      dt: f
      data: [ 7.60342002e-01, -6.49218976e-01, -1.98675171e-02,
          4.50269432e+01, 6.49512827e-01, 7.60144651e-01, 1.76961999e-02,
          -4.35617208e+00, 3.61347734e-03, -2.63593718e-02,
          9.99646008e-01, 2.03324413e+00, 0., 0., 0., 1. ]
   - !!opencv-matrix
      rows: 4
      cols: 4
      dt: f
      data: [ 7.60333061e-01, -6.49224102e-01, -2.00430751e-02,
          4.50399055e+01, 6.49520993e-01, 7.60147333e-01, 1.72783993e-02,
          -4.34477615e+00, 4.01813723e-03, -2.61557363e-02,
          9.99649823e-01, 2.03430700e+00, 0., 0., 0., 1. ]
   - !!opencv-matrix
      rows: 4
      cols: 4
      dt: f
      data: [ 7.60326326e-01, -6.49230659e-01, -2.00858973e-02,
          4.50551720e+01, 6.49527967e-01, 7.60145307e-01, 1.71047561e-02,
          -4.33129263e+00, 4.16326756e-03, -2.60515474e-02,
          9.99651909e-01, 2.03453207e+00, 0., 0., 0., 1. ]
   - !!opencv-matrix
      rows: 4
      cols: 4
      dt: f
      data: [ 7.60356665e-01, -6.49189889e-01, -2.02532206e-02,
          4.50732651e+01, 6.49490774e-01, 7.60181367e-01, 1.69142056e-02,
          -4.31556034e+00, 4.41558892e-03, -2.60151085e-02,
          9.99651790e-01, 2.03447008e+00, 0., 0., 0., 1. ]
   - !!opencv-matrix
      rows: 4
      cols: 4
      dt: f
      data: [ 7.60407925e-01, -6.49127483e-01, -2.03313529e-02,
          4.50942535e+01, 6.49429023e-01, 7.60240376e-01, 1.66273694e-02,
          -4.29738379e+00, 4.66343481e-03, -2.58473549e-02,
          9.99655008e-01, 2.03471422e+00, 0., 0., 0., 1. ]
   - !!opencv-matrix
      rows: 4
      cols: 4
      dt: f
      data: [ 7.60454118e-01, -6.49075866e-01, -2.02510394e-02,
          4.51180420e+01, 6.49374366e-01, 7.60291755e-01, 1.64121129e-02,
          -4.27660084e+00, 4.74399282e-03, -2.56311651e-02,
          9.99660194e-01, 2.03513360e+00, 0., 0., 0., 1. ]
   - !!opencv-matrix
      rows: 4
      cols: 4
      dt: f
      data: [ 7.60447681e-01, -6.49076581e-01, -2.04663146e-02,
          4.51446800e+01, 6.49379551e-01, 7.60291934e-01, 1.61976125e-02,
          -4.25294924e+00, 5.04688220e-03, -2.56078430e-02,
          9.99659300e-01, 2.03570533e+00, 0., 0., 0., 1. ]
   - !!opencv-matrix
      rows: 4
      cols: 4
      dt: f
      data: [ 7.60459423e-01, -6.49046540e-01, -2.09766999e-02,
          4.51750412e+01, 6.49361432e-01, 7.60312259e-01, 1.59706306e-02,
          -4.22646189e+00, 5.58315963e-03, -2.57664770e-02,
          9.99652386e-01, 2.03598571e+00, 0., 0., 0., 1. ]
   - !!opencv-matrix
      rows: 4
      cols: 4
      dt: f
      data: [ 7.60576010e-01, -6.48901224e-01, -2.12444030e-02,
          4.52097092e+01, 6.49220586e-01, 7.60441124e-01, 1.55541031e-02,
          -4.19711113e+00, 6.06204057e-03, -2.56223809e-02,
          9.99653339e-01, 2.03596187e+00, 0., 0., 0., 1. ]
   - !!opencv-matrix
      rows: 4
      cols: 4
      dt: f
      data: [ 7.60781109e-01, -6.48668587e-01, -2.10039169e-02,
          4.52488441e+01, 6.48977339e-01, 7.60663450e-01, 1.48175089e-02,
          -4.16554546e+00, 6.36525918e-03, -2.49039475e-02,
          9.99669611e-01, 2.03575730e+00, 0., 0., 0., 1. ]
   - !!opencv-matrix
      rows: 4
      cols: 4
      dt: f
      data: [ 7.60850370e-01, -6.48580849e-01, -2.12040395e-02,
          4.52916069e+01, 6.48892283e-01, 7.60742664e-01, 1.44696590e-02,
          -4.13077641e+00, 6.74607418e-03, -2.47683823e-02,
          9.99670446e-01, 2.03607416e+00, 0., 0., 0., 1. ]
   - !!opencv-matrix
      rows: 4
      cols: 4
      dt: f
      data: [ 7.60953188e-01, -6.48437321e-01, -2.18934026e-02,
          4.53382950e+01, 6.48765624e-01, 7.60851741e-01, 1.44162150e-02,
          -4.09236431e+00, 7.30962120e-03, -2.51737516e-02,
          9.99656379e-01, 2.03620958e+00, 0., 0., 0., 1. ]
   - !!opencv-matrix
      rows: 4
      cols: 4
      dt: f
      data: [ 7.61112034e-01, -6.48234725e-01, -2.23660171e-02,
          4.53894653e+01, 6.48572922e-01, 7.61021018e-01, 1.41456435e-02,
          -4.05007696e+00, 7.85131287e-03, -2.52724122e-02,
          9.99649763e-01, 2.03623414e+00, 0., 0., 0., 1. ]
   - !!opencv-matrix
      rows: 4
      cols: 4
      dt: f
      data: [ 7.61303663e-01, -6.47992015e-01, -2.28722673e-02,
          4.54451294e+01, 6.48340881e-01, 7.61223733e-01, 1.38765499e-02,
          -4.00346756e+00, 8.41901917e-03, -2.53932942e-02,
          9.99642074e-01, 2.03593898e+00, 0., 0., 0., 1. ]
   - !!opencv-matrix
      rows: 4
      cols: 4
      dt: f
      data: [ 7.61522830e-01, -6.47708833e-01, -2.35855710e-02,
          4.55053177e+01, 6.48078799e-01, 7.61441112e-01, 1.41874384e-02,
          -3.95198989e+00, 8.76969565e-03, -2.60893665e-02,
          9.99621153e-01, 2.03540587e+00, 0., 0., 0., 1. ]
   - !!opencv-matrix
      rows: 4
      cols: 4
      dt: f
      data: [ 7.61724114e-01, -6.47442162e-01, -2.43942942e-02,
          4.55703239e+01, 6.47836983e-01, 7.61639595e-01, 1.45716686e-02,
          -3.89632654e+00, 9.14534926e-03, -2.69031171e-02,
          9.99596238e-01, 2.03477001e+00, 0., 0., 0., 1. ]
   - !!opencv-matrix
      rows: 4
      cols: 4
      dt: f
      data: [ 7.61826634e-01, -6.47299945e-01, -2.49584671e-02,
          4.56408958e+01, 6.47708535e-01, 7.61752009e-01, 1.44056939e-02,
          -3.83747745e+00, 9.68735758e-03, -2.71404535e-02,
          9.99584675e-01, 2.03386617e+00, 0., 0., 0., 1. ]
   - !!opencv-matrix
      rows: 4
      cols: 4
      dt: f
      data: [ 7.62155116e-01, -6.46922410e-01, -2.47174948e-02,
          4.57328339e+01, 6.47324085e-01, 7.62079477e-01, 1.43660456e-02,
          -3.76233315e+00, 9.54297930e-03, -2.69493852e-02,
          9.99591231e-01, 2.03277636e+00, 0., 0., 0., 1. ]
   - !!opencv-matrix
      rows: 4
      cols: 4
      dt: f
      data: [ 7.62545407e-01, -6.46478891e-01, -2.42804438e-02,
          4.58143997e+01, 6.46866560e-01, 7.62472689e-01, 1.41089112e-02,
          -3.69666052e+00, 9.39206220e-03, -2.64648926e-02,
          9.99605596e-01, 2.03195906e+00, 0., 0., 0., 1. ]
   - !!opencv-matrix
      rows: 4
      cols: 4
      dt: f
      data: [ 7.63443351e-01, -6.45440340e-01, -2.36874055e-02,
          4.59009590e+01, 6.45804703e-01, 7.63387263e-01, 1.32730985e-02,
          -3.62961793e+00, 9.51567013e-03, -2.54306961e-02,
          9.99631286e-01, 2.03272772e+00, 0., 0., 0., 1. ]
   - !!opencv-matrix
      rows: 4
      cols: 4
      dt: f
      data: [ 7.63815701e-01, -6.44996822e-01, -2.37625409e-02,
          4.59911690e+01, 6.45357072e-01, 7.63776422e-01, 1.26440702e-02,
          -3.55970144e+00, 9.99388285e-03, -2.49930620e-02,
          9.99637663e-01, 2.03492641e+00, 0., 0., 0., 1. ]
   - !!opencv-matrix
      rows: 4
      cols: 4
      dt: f
      data: [ 7.64150679e-01, -6.44597173e-01, -2.38361675e-02,
          4.60844231e+01, 6.44953966e-01, 7.64125228e-01, 1.21268760e-02,
          -3.48639464e+00, 1.03968661e-02, -2.46399902e-02,
          9.99642313e-01, 2.03638339e+00, 0., 0., 0., 1. ]
   - !!opencv-matrix
      rows: 4
      cols: 4
      dt: f
      data: [ 7.64525294e-01, -6.44155979e-01, -2.37519965e-02,
          4.61809349e+01, 6.44510925e-01, 7.64498651e-01, 1.21452753e-02,
          -3.40929532e+00, 1.03349173e-02, -2.45937910e-02,
          9.99644101e-01, 2.03529406e+00, 0., 0., 0., 1. ]
   - !!opencv-matrix
      rows: 4
      cols: 4
      dt: f
      data: [ 7.65074372e-01, -6.43505633e-01, -2.36999858e-02,
          4.62800102e+01, 6.43871963e-01, 7.65015483e-01, 1.34253511e-02,
          -3.32880163e+00, 9.49156750e-03, -2.55311485e-02,
          9.99628961e-01, 2.03421950e+00, 0., 0., 0., 1. ]
   - !!opencv-matrix
      rows: 4
      cols: 4
      dt: f
      data: [ 7.65552938e-01, -6.42933607e-01, -2.37713587e-02,
          4.63809471e+01, 6.43309236e-01, 7.65474260e-01, 1.42235504e-02,
          -3.24693727e+00, 9.05156508e-03, -2.61812154e-02,
          9.99616206e-01, 2.03408217e+00, 0., 0., 0., 1. ]
   - !!opencv-matrix
      rows: 4
      cols: 4
      dt: f
      data: [ 7.65702784e-01, -6.42772436e-01, -2.32988708e-02,
          4.64841805e+01, 6.43132269e-01, 7.65630364e-01, 1.38234831e-02,
          -3.16517949e+00, 8.95296782e-03, -2.55689342e-02,
          9.99632955e-01, 2.03642869e+00, 0., 0., 0., 1. ]
   - !!opencv-matrix
      rows: 4
      cols: 4
      dt: f
      data: [ 7.66067266e-01, -6.42346680e-01, -2.30596196e-02,
          4.65898094e+01, 6.42696261e-01, 7.66004622e-01, 1.33577324e-02,
          -3.08275533e+00, 9.08348151e-03, -2.50532534e-02,
          9.99644876e-01, 2.03843927e+00, 0., 0., 0., 1. ]
   - !!opencv-matrix
      rows: 4
      cols: 4
      dt: f
      data: [ 7.66654074e-01, -6.41672850e-01, -2.23051608e-02,
          4.66985397e+01, 6.42001808e-01, 7.66590714e-01, 1.31291766e-02,
          -2.99972630e+00, 8.67429283e-03, -2.43854895e-02,
          9.99665022e-01, 2.03698158e+00, 0., 0., 0., 1. ]
   - !!opencv-matrix
      rows: 4
      cols: 4
      dt: f
      data: [ 7.67254055e-01, -6.41012311e-01, -2.06016600e-02,
          4.68087692e+01, 6.41303837e-01, 7.67167270e-01, 1.35575570e-02,
          -2.91538191e+00, 7.11435685e-03, -2.36140136e-02,
          9.99695837e-01, 2.03573537e+00, 0., 0., 0., 1. ]
   - !!opencv-matrix
      rows: 4
      cols: 4
      dt: f
      data: [ 7.68230677e-01, -6.39879882e-01, -1.93740483e-02,
          4.69187202e+01, 6.40144527e-01, 7.68130481e-01, 1.38038043e-02,
          -2.82969284e+00, 6.04901928e-03, -2.30066963e-02,
          9.99716997e-01, 2.03649592e+00, 0., 0., 0., 1. ]
   - !!opencv-matrix
      rows: 4
      cols: 4
      dt: f
      data: [ 7.68617570e-01, -6.39433444e-01, -1.87601466e-02,
          4.70273895e+01, 6.39686644e-01, 7.68503368e-01, 1.42669016e-02,
          -2.74336958e+00, 5.29450271e-03, -2.29664072e-02,
          9.99722242e-01, 2.03652477e+00, 0., 0., 0., 1. ]
   - !!opencv-matrix
      rows: 4
      cols: 4
      dt: f
      data: [ 7.68845856e-01, -6.39162004e-01, -1.86551157e-02,
          4.71354980e+01, 6.39416695e-01, 7.68713415e-01, 1.50330886e-02,
          -2.65703702e+00, 4.73185861e-03, -2.34865211e-02,
          9.99712944e-01, 2.03712988e+00, 0., 0., 0., 1. ]
   - !!opencv-matrix
      rows: 4
      cols: 4
      dt: f
      data: [ 7.69102097e-01, -6.38840556e-01, -1.90985408e-02,
          4.72443352e+01, 6.39105797e-01, 7.68971741e-01, 1.50409099e-02,
          -2.57136869e+00, 5.07749431e-03, -2.37739831e-02,
          9.99704480e-01, 2.03701210e+00, 0., 0., 0., 1. ]
   - !!opencv-matrix
      rows: 4
      cols: 4
      dt: f
      data: [ 7.69634902e-01, -6.38217866e-01, -1.84404608e-02,
          4.73547478e+01, 6.38469279e-01, 7.69493580e-01, 1.53819853e-02,
          -2.48582196e+00, 4.37275786e-03, -2.36121789e-02,
          9.99711633e-01, 2.03562045e+00, 0., 0., 0., 1. ]
   - !!opencv-matrix
      rows: 4
      cols: 4
      dt: f
      data: [ 7.70241737e-01, -6.37499869e-01, -1.79327745e-02,
          4.74650612e+01, 6.37738585e-01, 7.70103395e-01, 1.51743190e-02,
          -2.39970469e+00, 4.13646409e-03, -2.31243167e-02,
          9.99724030e-01, 2.03660011e+00, 0., 0., 0., 1. ]
   - !!opencv-matrix
      rows: 4
      cols: 4
      dt: f
      data: [ 7.70361423e-01, -6.37354612e-01, -1.79548059e-02,
          4.75753975e+01, 6.37592196e-01, 7.70232260e-01, 1.47787090e-02,
          -2.31313515e+00, 4.41009272e-03, -2.28327923e-02,
          9.99729574e-01, 2.03709197e+00, 0., 0., 0., 1. ]
   - !!opencv-matrix
      rows: 4
      cols: 4
      dt: f
      data: [ 7.70566583e-01, -6.37092888e-01, -1.84349567e-02,
          4.76864662e+01, 6.37346447e-01, 7.70413578e-01, 1.58859845e-02,
          -2.22596264e+00, 4.08169348e-03, -2.39906628e-02,
          9.99703825e-01, 2.03820753e+00, 0., 0., 0., 1. ]
   - !!opencv-matrix
      rows: 4
      cols: 4
      dt: f
      data: [ 7.71168649e-01, -6.36333764e-01, -1.94497705e-02,
          4.77981262e+01, 6.36610925e-01, 7.71026731e-01, 1.56300776e-02,
          -2.13897443e+00, 5.05034765e-03, -2.44353618e-02,
          9.99688625e-01, 2.04066229e+00, 0., 0., 0., 1. ]
   - !!opencv-matrix
      rows: 4
      cols: 4
      dt: f
      data: [ 7.71742523e-01, -6.35638833e-01, -1.94103569e-02,
          4.79109764e+01, 6.35909617e-01, 7.71625459e-01, 1.45991491e-02,
          -2.05083632e+00, 5.69773838e-03, -2.36100163e-02,
          9.99705017e-01, 2.04080367e+00, 0., 0., 0., 1. ]
   - !!opencv-matrix
      rows: 4
      cols: 4
      dt: f
      data: [ 7.72564709e-01, -6.34636581e-01, -1.94984078e-02,
          4.80247002e+01, 6.34910166e-01, 7.72446096e-01, 1.47018190e-02,
          -1.96351564e+00, 5.73115703e-03, -2.37378441e-02,
          9.99701798e-01, 2.04061151e+00, 0., 0., 0., 1. ]
   - !!opencv-matrix
      rows: 4
      cols: 4
      dt: f
      data: [ 7.72708058e-01, -6.34435177e-01, -2.03540977e-02,
          4.81635094e+01, 6.34733737e-01, 7.72577047e-01, 1.54202823e-02,
          -1.85766876e+00, 5.94193907e-03, -2.48348098e-02,
          9.99673903e-01, 2.04089403e+00, 0., 0., 0., 1. ]
   - !!opencv-matrix
      rows: 4
      cols: 4
      dt: f
      data: [ 7.73106039e-01, -6.33959472e-01, -2.00617779e-02,
          4.82829781e+01, 6.34252489e-01, 7.72966504e-01, 1.57025363e-02,
          -1.76933432e+00, 5.55231003e-03, -2.48639584e-02,
          9.99675453e-01, 2.04026341e+00, 0., 0., 0., 1. ]
   - !!opencv-matrix
      rows: 4
      cols: 4
      dt: f
      data: [ 7.73604333e-01, -6.33378088e-01, -1.91971194e-02,
          4.84042969e+01, 6.33648038e-01, 7.73469925e-01, 1.53116807e-02,
          -1.68039250e+00, 5.15031163e-03, -2.40093991e-02,
          9.99698460e-01, 2.04162002e+00, 0., 0., 0., 1. ]
   - !!opencv-matrix
      rows: 4
      cols: 4
      dt: f
      data: [ 7.74148464e-01, -6.32723510e-01, -1.88425761e-02,
          4.85270729e+01, 6.32984102e-01, 7.74017334e-01, 1.51088256e-02,
          -1.58944464e+00, 5.02477074e-03, -2.36235261e-02,
          9.99708295e-01, 2.04276657e+00, 0., 0., 0., 1. ]
   - !!opencv-matrix
      rows: 4
      cols: 4
      dt: f
      data: [ 7.74733901e-01, -6.32012904e-01, -1.86298043e-02,
          4.86520348e+01, 6.32268846e-01, 7.74600744e-01, 1.51584009e-02,
          -1.49667072e+00, 4.85035544e-03, -2.35227719e-02,
          9.99711514e-01, 2.04243898e+00, 0., 0., 0., 1. ]
   - !!opencv-matrix
      rows: 4
      cols: 4
      dt: f
      data: [ 7.75335014e-01, -6.31275356e-01, -1.86286960e-02,
          4.87789574e+01, 6.31532073e-01, 7.75198817e-01, 1.52985230e-02,
          -1.40260291e+00, 4.78336262e-03, -2.36260984e-02,
          9.99709427e-01, 2.04233170e+00, 0., 0., 0., 1. ]
   - !!opencv-matrix
      rows: 4
      cols: 4
      dt: f
      data: [ 7.75968373e-01, -6.30481839e-01, -1.91235021e-02,
          4.89072723e+01, 6.30750179e-01, 7.75836170e-01, 1.52479187e-02,
          -1.30781221e+00, 5.22316806e-03, -2.38940548e-02,
          9.99700844e-01, 2.04419732e+00, 0., 0., 0., 1. ]
   - !!opencv-matrix
      rows: 4
      cols: 4
      dt: f
      data: [ 7.76515603e-01, -6.29794300e-01, -1.95631385e-02,
          4.90371361e+01, 6.30075574e-01, 7.76375651e-01, 1.56697221e-02,
          -1.21217310e+00, 5.31964423e-03, -2.44940389e-02,
          9.99685824e-01, 2.04624128e+00, 0., 0., 0., 1. ]
   - !!opencv-matrix
      rows: 4
      cols: 4
      dt: f
      data: [ 7.77568460e-01, -6.28474414e-01, -2.01789048e-02,
          4.91699333e+01, 6.28778756e-01, 7.77396858e-01, 1.70715712e-02,
          -1.11582172e+00, 4.95797116e-03, -2.59623826e-02,
          9.99650598e-01, 2.04605818e+00, 0., 0., 0., 1. ]
   - !!opencv-matrix
      rows: 4
      cols: 4
      dt: f
      data: [ 7.79023170e-01, -6.26683295e-01, -1.97723247e-02,
          4.93045349e+01, 6.26980782e-01, 7.78831244e-01, 1.78045984e-02,
          -1.01560628e+00, 4.24145954e-03, -2.62670629e-02,
          9.99645948e-01, 2.04639626e+00, 0., 0., 0., 1. ]
   - !!opencv-matrix
      rows: 4
      cols: 4
      dt: f
      data: [ 7.80598879e-01, -6.24753118e-01, -1.86789539e-02,
          4.94405289e+01, 6.25021577e-01, 7.80411839e-01, 1.74746178e-02,
          -9.15726602e-01, 3.65995476e-03, -2.53154170e-02,
          9.99672830e-01, 2.04838014e+00, 0., 0., 0., 1. ]
   - !!opencv-matrix
      rows: 4
      cols: 4
      dt: f
      data: [ 7.81621397e-01, -6.23489320e-01, -1.81404948e-02,
          4.95766563e+01, 6.23744071e-01, 7.81436563e-01, 1.73287299e-02,
          -8.15288961e-01, 3.37136816e-03, -2.48595309e-02,
          9.99685287e-01, 2.04879546e+00, 0., 0., 0., 1. ]
   - !!opencv-matrix
      rows: 4
      cols: 4
      dt: f
      data: [ 7.82450914e-01, -6.22449458e-01, -1.80891473e-02,
          4.97134590e+01, 6.22706711e-01, 7.82236576e-01, 1.85015574e-02,
          -7.12728858e-01, 2.63370876e-03, -2.57407930e-02,
          9.99665201e-01, 2.04897690e+00, 0., 0., 0., 1. ]
   - !!opencv-matrix
      rows: 4
      cols: 4
      dt: f
      data: [ 7.83590198e-01, -6.20999455e-01, -1.86043717e-02,
          4.98515778e+01, 6.21271312e-01, 7.83369601e-01, 1.88152343e-02,
          -6.10329807e-01, 2.88984948e-03, -2.63017975e-02,
          9.99649882e-01, 2.05111122e+00, 0., 0., 0., 1. ]
   - !!opencv-matrix
      rows: 4
      cols: 4
      dt: f
      data: [ 7.84961462e-01, -6.19269550e-01, -1.84586402e-02,
          4.99913254e+01, 6.19536340e-01, 7.84756303e-01, 1.82267874e-02,
          -5.08244753e-01, 3.19823925e-03, -2.57431231e-02,
          9.99663472e-01, 2.05067825e+00, 0., 0., 0., 1. ]
   - !!opencv-matrix
      rows: 4
      cols: 4
      dt: f
      data: [ 7.86259055e-01, -6.17643416e-01, -1.77021138e-02,
          5.01324806e+01, 6.17891490e-01, 7.86050677e-01, 1.82894114e-02,
          -4.05307174e-01, 2.61842296e-03, -2.53181998e-02,
          9.99675989e-01, 2.04985285e+00, 0., 0., 0., 1. ]
   - !!opencv-matrix
      rows: 4
      cols: 4
      dt: f
      data: [ 7.87447989e-01, -6.16108060e-01, -1.83435939e-02,
          5.02736282e+01, 6.16372883e-01, 7.87241995e-01, 1.82886124e-02,
          -3.01984161e-01, 3.17308633e-03, -2.57078260e-02,
          9.99664485e-01, 2.05192184e+00, 0., 0., 0., 1. ]
   - !!opencv-matrix
      rows: 4
      cols: 4
      dt: f
      data: [ 7.88496196e-01, -6.14771843e-01, -1.81469880e-02,
          5.04165573e+01, 6.15031719e-01, 7.88292050e-01, 1.82087719e-02,
          -1.98497072e-01, 3.11088795e-03, -2.55185217e-02,
          9.99669492e-01, 2.05234194e+00, 0., 0., 0., 1. ]
   - !!opencv-matrix
      rows: 4
      cols: 4
      dt: f
      data: [ 7.89732218e-01, -6.13205373e-01, -1.73835047e-02,
          5.05606689e+01, 6.13447309e-01, 7.89517045e-01, 1.85802616e-02,
          -9.47116092e-02, 2.33105547e-03, -2.53372956e-02,
          9.99676228e-01, 2.05178142e+00, 0., 0., 0., 1. ]
   - !!opencv-matrix
      rows: 4
      cols: 4
      dt: f
      data: [ 7.91042507e-01, -6.11500859e-01, -1.78457070e-02,
          5.07066574e+01, 6.11755311e-01, 7.90826440e-01, 1.86822303e-02,
          6.25905627e-03, 2.68865703e-03, -2.56956443e-02,
          9.99666214e-01, 2.05312181e+00, 0., 0., 0., 1. ]
   - !!opencv-matrix
      rows: 4
      cols: 4
      dt: f
      data: [ 7.92097867e-01, -6.10121191e-01, -1.82508361e-02,
          5.08531990e+01, 6.10387087e-01, 7.91877866e-01, 1.88940093e-02,
          1.07824214e-01, 2.92479759e-03, -2.61059795e-02,
          9.99654889e-01, 2.05637765e+00, 0., 0., 0., 1. ]
   - !!opencv-matrix
      rows: 4
      cols: 4
      dt: f
      data: [ 7.93236017e-01, -6.08647168e-01, -1.80360153e-02,
          5.10004425e+01, 6.08910561e-01, 7.92986870e-01, 1.99934840e-02,
          2.10558355e-01, 2.13334593e-03, -2.68418714e-02,
          9.99637425e-01, 2.05694509e+00, 0., 0., 0., 1. ]
   - !!opencv-matrix
      rows: 4
      cols: 4
      dt: f
      data: [ 7.94313014e-01, -6.07256293e-01, -1.75108984e-02,
          5.11483727e+01, 6.07506752e-01, 7.94053555e-01, 2.03599501e-02,
          3.12686861e-01, 1.54088344e-03, -2.68101618e-02,
          9.99639332e-01, 2.05727482e+00, 0., 0., 0., 1. ]
   - !!opencv-matrix
      rows: 4
      cols: 4
      dt: f
      data: [ 7.95554936e-01, -6.05627716e-01, -1.75334997e-02,
          5.12973213e+01, 6.05878830e-01, 7.95304000e-01, 2.00584847e-02,
          4.13526773e-01, 1.79648772e-03, -2.65808031e-02,
          9.99645054e-01, 2.06001830e+00, 0., 0., 0., 1. ]
   - !!opencv-matrix
      rows: 4
      cols: 4
      dt: f
      data: [ 7.97295809e-01, -6.03348851e-01, -1.70173496e-02,
          5.14780426e+01, 6.03585064e-01, 7.97072649e-01, 1.89804193e-02,
          5.33085883e-01, 2.11224984e-03, -2.54044272e-02,
          9.99675035e-01, 2.06088161e+00, 0., 0., 0., 1. ]
   - !!opencv-matrix
      rows: 4
      cols: 4
      dt: f
      data: [ 7.98441470e-01, -6.01864040e-01, -1.58380587e-02,
          5.16300049e+01, 6.02069080e-01, 7.98248291e-01, 1.76785383e-02,
          6.33763909e-01, 2.00262689e-03, -2.36508846e-02,
          9.99718249e-01, 2.06066966e+00, 0., 0., 0., 1. ]
   - !!opencv-matrix
      rows: 4
      cols: 4
      dt: f
      data: [ 7.99252331e-01, -6.00782990e-01, -1.59858204e-02,
          5.17807236e+01, 6.00991249e-01, 7.99065232e-01, 1.74429603e-02,
          7.36772895e-01, 2.29427894e-03, -2.35486645e-02,
          9.99720037e-01, 2.06380248e+00, 0., 0., 0., 1. ]
   - !!opencv-matrix
      rows: 4
      cols: 4
      dt: f
      data: [ 7.99782038e-01, -6.00052953e-01, -1.68860909e-02,
          5.19303360e+01, 6.00284755e-01, 7.99581051e-01, 1.81198157e-02,
          8.41958702e-01, 2.62894994e-03, -2.46283654e-02,
          9.99693215e-01, 2.06675601e+00, 0., 0., 0., 1. ]
   - !!opencv-matrix
      rows: 4
      cols: 4
      dt: f
      data: [ 8.00293922e-01, -5.99368155e-01, -1.69541631e-02,
          5.20800438e+01, 5.99603951e-01, 8.00071597e-01, 1.89895146e-02,
          9.48875010e-01, 2.18283455e-03, -2.53629759e-02,
          9.99675930e-01, 2.06641436e+00, 0., 0., 0., 1. ]
   - !!opencv-matrix
      rows: 4
      cols: 4
      dt: f
      data: [ 8.00833642e-01, -5.98645866e-01, -1.69880427e-02,
          5.22294807e+01, 5.98883390e-01, 8.00603867e-01, 1.92909241e-02,
          1.05700910e+00, 2.05226010e-03, -2.56226771e-02,
          9.99669552e-01, 2.06680036e+00, 0., 0., 0., 1. ]
   - !!opencv-matrix
      rows: 4
      cols: 4
      dt: f
      data: [ 8.01301181e-01, -5.97991109e-01, -1.79743487e-02,
          5.23789825e+01, 5.98254144e-01, 8.01075518e-01, 1.92362890e-02,
          1.16569531e+00, 2.89568002e-03, -2.61672903e-02,
          9.99653399e-01, 2.06733584e+00, 0., 0., 0., 1. ]
   - !!opencv-matrix
      rows: 4
      cols: 4
      dt: f
      data: [ 8.01727414e-01, -5.97417891e-01, -1.80285349e-02,
          5.25291214e+01, 5.97684383e-01, 8.01484525e-01, 1.98985171e-02,
          1.27501214e+00, 2.56186235e-03, -2.67285611e-02,
          9.99639452e-01, 2.06824541e+00, 0., 0., 0., 1. ]
   - !!opencv-matrix
      rows: 4
      cols: 4
      dt: f
      data: [ 8.02111924e-01, -5.96894383e-01, -1.82632748e-02,
          5.26788597e+01, 5.97166777e-01, 8.01874399e-01, 1.97284650e-02,
          1.38500512e+00, 2.86904373e-03, -2.67306603e-02,
          9.99638557e-01, 2.07037473e+00, 0., 0., 0., 1. ]
   - !!opencv-matrix
      rows: 4
      cols: 4
      dt: f
      data: [ 8.02422881e-01, -5.96453786e-01, -1.89852398e-02,
          5.28291092e+01, 5.96745074e-01, 8.02193463e-01, 1.95186306e-02,
          1.49560821e+00, 3.58787365e-03, -2.69915443e-02,
          9.99629200e-01, 2.07064104e+00, 0., 0., 0., 1. ]
   - !!opencv-matrix
      rows: 4
      cols: 4
      dt: f
      data: [ 8.02707851e-01, -5.96083343e-01, -1.85668878e-02,
          5.29812965e+01, 5.96361995e-01, 8.02489042e-01, 1.90714262e-02,
          1.60552585e+00, 3.53156403e-03, -2.63813697e-02,
          9.99645710e-01, 2.07112384e+00, 0., 0., 0., 1. ]
   - !!opencv-matrix
      rows: 4
      cols: 4
      dt: f
      data: [ 8.02990019e-01, -5.95701635e-01, -1.86170638e-02,
          5.31343613e+01, 5.95978379e-01, 8.02793920e-01, 1.82117317e-02,
          1.71485639e+00, 4.09690710e-03, -2.57192068e-02,
          9.99660790e-01, 2.07188892e+00, 0., 0., 0., 1. ]
   - !!opencv-matrix
      rows: 4
      cols: 4
      dt: f
      data: [ 8.03271294e-01, -5.95324755e-01, -1.85378138e-02,
          5.32880287e+01, 5.95599771e-01, 8.03073645e-01, 1.82649978e-02,
          1.82521236e+00, 4.01362497e-03, -2.57128663e-02,
          9.99661326e-01, 2.07267785e+00, 0., 0., 0., 1. ]
   - !!opencv-matrix
      rows: 4
      cols: 4
      dt: f
      data: [ 8.03429484e-01, -5.95101774e-01, -1.88412983e-02,
          5.34415054e+01, 5.95384240e-01, 8.03235829e-01, 1.81616563e-02,
          1.93718350e+00, 4.32597334e-03, -2.58094221e-02,
          9.99657512e-01, 2.07300234e+00, 0., 0., 0., 1. ]
   - !!opencv-matrix
      rows: 4
      cols: 4
      dt: f
      data: [ 8.03423107e-01, -5.95082581e-01, -1.96966548e-02,
          5.35955620e+01, 5.95389426e-01, 8.03222299e-01, 1.85838006e-02,
          2.05078959e+00, 4.76189516e-03, -2.66578346e-02,
          9.99633253e-01, 2.07119632e+00, 0., 0., 0., 1. ]
   - !!opencv-matrix
      rows: 4
      cols: 4
      dt: f
      data: [ 8.03497374e-01, -5.94955981e-01, -2.04780530e-02,
          5.37510643e+01, 5.95289052e-01, 8.03272605e-01, 1.95978992e-02,
          2.16415858e+00, 4.78957128e-03, -2.79372204e-02,
          9.99598205e-01, 2.07050681e+00, 0., 0., 0., 1. ]
   - !!opencv-matrix
      rows: 4
      cols: 4
      dt: f
      data: [ 8.03553760e-01, -5.94878554e-01, -2.05150470e-02,
          5.39080315e+01, 5.95211923e-01, 8.03333521e-01, 1.94442924e-02,
          2.27656722e+00, 4.91343252e-03, -2.78353337e-02,
          9.99600470e-01, 2.06926918e+00, 0., 0., 0., 1. ]
   - !!opencv-matrix
      rows: 4
      cols: 4
      dt: f
      data: [ 8.03899288e-01, -5.94448805e-01, -1.94047857e-02,
          5.40672493e+01, 5.94747186e-01, 8.03702176e-01, 1.84005313e-02,
          2.38697648e+00, 4.65749437e-03, -2.63331160e-02,
          9.99642372e-01, 2.06988072e+00, 0., 0., 0., 1. ]
   - !!opencv-matrix
      rows: 4
      cols: 4
      dt: f
      data: [ 8.04341733e-01, -5.93898475e-01, -1.78605318e-02,
          5.42274437e+01, 5.94149947e-01, 8.04182708e-01, 1.66130830e-02,
          2.49674296e+00, 4.49664658e-03, -2.39744298e-02,
          9.99702454e-01, 2.07049441e+00, 0., 0., 0., 1. ]
   - !!opencv-matrix
      rows: 4
      cols: 4
      dt: f
      data: [ 8.04691494e-01, -5.93467534e-01, -1.63669568e-02,
          5.43879128e+01, 5.93680799e-01, 8.04546893e-01, 1.57295913e-02,
          2.60756636e+00, 3.83298262e-03, -2.23742165e-02,
          9.99742329e-01, 2.06780934e+00, 0., 0., 0., 1. ]
   - !!opencv-matrix
      rows: 4
      cols: 4
      dt: f
      data: [ 8.04872155e-01, -5.93248665e-01, -1.53877251e-02,
          5.45475769e+01, 5.93440890e-01, 8.04720521e-01, 1.59004126e-02,
          2.72008848e+00, 2.94991932e-03, -2.19295043e-02,
          9.99755144e-01, 2.06762767e+00, 0., 0., 0., 1. ]
   - !!opencv-matrix
      rows: 4
      cols: 4
      dt: f
      data: [ 8.04651320e-01, -5.93551695e-01, -1.52536668e-02,
          5.47061348e+01, 5.93739331e-01, 8.04510355e-01, 1.53829418e-02,
          2.83356643e+00, 3.14116222e-03, -2.14346070e-02,
          9.99765337e-01, 2.06721187e+00, 0., 0., 0., 1. ]
   - !!opencv-matrix
      rows: 4
      cols: 4
      dt: f
      data: [ 8.04433346e-01, -5.93854606e-01, -1.49579775e-02,
          5.48640442e+01, 5.94036818e-01, 8.04284334e-01, 1.57154724e-02,
          2.94884562e+00, 2.69776117e-03, -2.15276387e-02,
          9.99764621e-01, 2.06513906e+00, 0., 0., 0., 1. ]
   - !!opencv-matrix
      rows: 4
      cols: 4
      dt: f
      data: [ 8.04030478e-01, -5.94398260e-01, -1.50227603e-02,
          5.50537338e+01, 5.94581842e-01, 8.03880811e-01, 1.57498084e-02,
          3.08688974e+00, 2.71485047e-03, -2.15955880e-02,
          9.99763131e-01, 2.06678271e+00, 0., 0., 0., 1. ]
   - !!opencv-matrix
      rows: 4
      cols: 4
      dt: f
      data: [ 8.03718150e-01, -5.94840646e-01, -1.42007973e-02,
          5.52125969e+01, 5.95006168e-01, 8.03571522e-01, 1.55093186e-02,
          3.20232964e+00, 2.18578218e-03, -2.09146831e-02,
          9.99778867e-01, 2.06806159e+00, 0., 0., 0., 1. ]
   - !!opencv-matrix
      rows: 4
      cols: 4
      dt: f
      data: [ 8.03750753e-01, -5.94803751e-01, -1.39001422e-02,
          5.53713531e+01, 5.94963789e-01, 8.03593814e-01, 1.59720238e-02,
          3.31930685e+00, 1.66984904e-03, -2.11076066e-02,
          9.99775827e-01, 2.06670284e+00, 0., 0., 0., 1. ]
   - !!opencv-matrix
      rows: 4
      cols: 4
      dt: f
      data: [ 8.03626060e-01, -5.94963193e-01, -1.42828627e-02,
          5.55294037e+01, 5.95131755e-01, 8.03464592e-01, 1.62126869e-02,
          3.43714905e+00, 1.82982278e-03, -2.15291213e-02,
          9.99766529e-01, 2.06622887e+00, 0., 0., 0., 1. ]
   - !!opencv-matrix
      rows: 4
      cols: 4
      dt: f
      data: [ 8.03105414e-01, -5.95659494e-01, -1.45419566e-02,
          5.56873131e+01, 5.95832586e-01, 8.02953839e-01, 1.57695971e-02,
          3.55517054e+00, 2.28320924e-03, -2.13292204e-02,
          9.99769926e-01, 2.06869102e+00, 0., 0., 0., 1. ]
   - !!opencv-matrix
      rows: 4
      cols: 4
      dt: f
      data: [ 8.02716255e-01, -5.96184373e-01, -1.45198414e-02,
          5.58458023e+01, 5.96357465e-01, 8.02559137e-01, 1.60194449e-02,
          3.67346001e+00, 2.10248819e-03, -2.15180852e-02,
          9.99766231e-01, 2.06863451e+00, 0., 0., 0., 1. ]
   - !!opencv-matrix
      rows: 4
      cols: 4
      dt: f
      data: [ 8.02513301e-01, -5.96466005e-01, -1.41660515e-02,
          5.60050468e+01, 5.96633077e-01, 8.02332640e-01, 1.70680992e-02,
          3.79201913e+00, 1.18534453e-03, -2.21493114e-02,
          9.99753952e-01, 2.06719899e+00, 0., 0., 0., 1. ]
   - !!opencv-matrix
      rows: 4
      cols: 4
      dt: f
      data: [ 8.02051604e-01, -5.97099781e-01, -1.36057287e-02,
          5.61643524e+01, 5.97253084e-01, 8.01895320e-01, 1.58963855e-02,
          3.90986872e+00, 1.41864142e-03, -2.08757836e-02,
          9.99781072e-01, 2.06923246e+00, 0., 0., 0., 1. ]
   - !!opencv-matrix
      rows: 4
      cols: 4
      dt: f
      data: [ 8.01598668e-01, -5.97716510e-01, -1.32109532e-02,
          5.63244247e+01, 5.97860575e-01, 8.01456332e-01, 1.51826413e-02,
          4.02720547e+00, 1.51308603e-03, -2.00686939e-02,
          9.99797463e-01, 2.06899285e+00, 0., 0., 0., 1. ]
   - !!opencv-matrix
      rows: 4
      cols: 4
      dt: f
      data: [ 8.01387131e-01, -5.98016202e-01, -1.24621689e-02,
          5.64851074e+01, 5.98146081e-01, 8.01210940e-01, 1.68030821e-02,
          4.14583158e+00, -6.36899058e-05, -2.09199712e-02,
          9.99781132e-01, 2.06586862e+00, 0., 0., 0., 1. ]
   - !!opencv-matrix
      rows: 4
      cols: 4
      dt: f
      data: [ 8.01398516e-01, -5.98007381e-01, -1.21490778e-02,
          5.66450005e+01, 5.98129988e-01, 8.01199555e-01, 1.78834964e-02,
          4.26610613e+00, -9.60626814e-04, -2.15985365e-02,
          9.99766290e-01, 2.06358957e+00, 0., 0., 0., 1. ]
   - !!opencv-matrix
      rows: 4
      cols: 4
      dt: f
      data: [ 8.01030934e-01, -5.98499417e-01, -1.21593140e-02,
          5.68034706e+01, 5.98621964e-01, 8.00828695e-01, 1.80305038e-02,
          4.38659286e+00, -1.05371815e-03, -2.17218231e-02,
          9.99763489e-01, 2.06091952e+00, 0., 0., 0., 1. ]
   - !!opencv-matrix
      rows: 4
      cols: 4
      dt: f
      data: [ 8.00662577e-01, -5.98994195e-01, -1.20578427e-02,
          5.69612160e+01, 5.99112689e-01, 8.00434291e-01, 1.92074981e-02,
          4.50769997e+00, -1.85366953e-03, -2.26027314e-02,
          9.99742806e-01, 2.05932641e+00, 0., 0., 0., 1. ]
   - !!opencv-matrix
      rows: 4
      cols: 4
      dt: f
      data: [ 8.00290287e-01, -5.99482656e-01, -1.24926036e-02,
          5.71194572e+01, 5.99611580e-01, 8.00073445e-01, 1.86658241e-02,
          4.62685728e+00, -1.19483634e-03, -2.24287864e-02,
          9.99747753e-01, 2.05902386e+00, 0., 0., 0., 1. ]
   - !!opencv-matrix
      rows: 4
      cols: 4
      dt: f
      data: [ 8.00172448e-01, -5.99647939e-01, -1.20996153e-02,
          5.72802162e+01, 5.99769354e-01, 7.99978554e-01, 1.76365264e-02,
          4.74467754e+00, -8.96274229e-04, -2.13692412e-02,
          9.99771237e-01, 2.05721450e+00, 0., 0., 0., 1. ]
   - !!opencv-matrix
      rows: 4
      cols: 4
      dt: f
      data: [ 7.99723148e-01, -6.00275874e-01, -1.05732391e-02,
          5.74418907e+01, 6.00364506e-01, 7.99525261e-01, 1.79393124e-02,
          4.86295176e+00, -2.31496454e-03, -2.06942800e-02,
          9.99783158e-01, 2.05636573e+00, 0., 0., 0., 1. ]
   - !!opencv-matrix
      rows: 4
      cols: 4
      dt: f
      data: [ 7.98929393e-01, -6.01321399e-01, -1.11541227e-02,
          5.76009750e+01, 6.01422846e-01, 7.98741877e-01, 1.73756871e-02,
          4.98290634e+00, -1.53910799e-03, -2.05902923e-02,
          9.99786794e-01, 2.05602360e+00, 0., 0., 0., 1. ]
   - !!opencv-matrix
      rows: 4
      cols: 4
      dt: f
      data: [ 7.98341334e-01, -6.02093756e-01, -1.15861502e-02,
          5.77588615e+01, 6.02202177e-01, 7.98128307e-01, 1.85404196e-02,
          5.10574675e+00, -1.91583543e-03, -2.17787866e-02,
          9.99760985e-01, 2.05520463e+00, 0., 0., 0., 1. ]
   - !!opencv-matrix
      rows: 4
      cols: 4
      dt: f
      data: [ 7.98157513e-01, -6.02316618e-01, -1.26221329e-02,
          5.79160843e+01, 6.02445900e-01, 7.97912776e-01, 1.98535975e-02,
          5.22914600e+00, -1.88679015e-03, -2.34504510e-02,
          9.99723196e-01, 2.05515838e+00, 0., 0., 0., 1. ]
   - !!opencv-matrix
      rows: 4
      cols: 4
      dt: f
      data: [ 7.97783911e-01, -6.02806389e-01, -1.28584607e-02,
          5.80750999e+01, 6.02940857e-01, 7.97536075e-01, 1.99631937e-02,
          5.35153770e+00, -1.77885441e-03, -2.36792061e-02,
          9.99718010e-01, 2.05186033e+00, 0., 0., 0., 1. ]
   - !!opencv-matrix
      rows: 4
      cols: 4
      dt: f
      data: [ 7.97467768e-01, -6.03231311e-01, -1.25338715e-02,
          5.82354736e+01, 6.03356361e-01, 7.97202766e-01, 2.07088720e-02,
          5.47378922e+00, -2.50020344e-03, -2.40770485e-02,
          9.99706984e-01, 2.05102992e+00, 0., 0., 0., 1. ]
   - !!opencv-matrix
      rows: 4
      cols: 4
      dt: f
      data: [ 7.97167420e-01, -6.03627920e-01, -1.25486366e-02,
          5.83963852e+01, 6.03753865e-01, 7.96909392e-01, 2.04136334e-02,
          5.59407330e+00, -2.32211221e-03, -2.38493700e-02,
          9.99712884e-01, 2.05212808e+00, 0., 0., 0., 1. ]
   - !!opencv-matrix
      rows: 4
      cols: 4
      dt: f
      data: [ 7.96925187e-01, -6.03967369e-01, -1.15616182e-02,
          5.85581627e+01, 6.04070723e-01, 7.96675622e-01, 2.01619677e-02,
          5.71455622e+00, -2.96631083e-03, -2.30516139e-02,
          9.99729872e-01, 2.04975986e+00, 0., 0., 0., 1. ]
   - !!opencv-matrix
      rows: 4
      cols: 4
      dt: f
      data: [ 7.96283722e-01, -6.04815781e-01, -1.14028668e-02,
          5.87193871e+01, 6.04911625e-01, 7.96009719e-01, 2.12237146e-02,
          5.83657742e+00, -3.75964493e-03, -2.37978250e-02,
          9.99709725e-01, 2.04755163e+00, 0., 0., 0., 1. ]
   - !!opencv-matrix
      rows: 4
      cols: 4
      dt: f
      data: [ 7.95625329e-01, -6.05649173e-01, -1.30152479e-02,
          5.89116211e+01, 6.05781257e-01, 7.95322835e-01, 2.21510790e-02,
          5.98290157e+00, -3.06445849e-03, -2.55083535e-02,
